,fsq_id,popularity,price,rating
0,527c07e711d255a8e45a3856,0.954859962445427,2.0,7.6
1,4db89f1dcda10f31e61b8ac9,0.8802819854534272,1.0,6.6
2,55d77b39498e56569779feb2,0.8937336048196588,1.0,
3,4bf462f12d629521a21d6058,0.878483466203214,1.0,
4,4bd5ff6c6f649521f71970ec,0.8761071842923106,1.0,5.9
5,4bcdda36fb84c9b60eae223e,0.9883003061210226,1.0,5.6
6,4c4f432ceaa1be9a7a26a645,0.9175546661323916,1.0,
7,539db859498eb12d43cf35e8,0.9871913745626011,2.0,8.8
8,4bfadb48d0382d7febe2c80a,0.9567050754585991,1.0,7.4
9,4c9ca3fc7c096dcb7229c3d1,0.9611338126278416,1.0,8.0
10,4acf9957f964a520d7d420e3,0.9769640435931246,1.0,7.2
11,5cdd51073d4791002e65b8bb,0.9814696604712493,1.0,7.7
12,4b3dfea1f964a520b89725e3,0.9939195139338648,1.0,7.2
13,4b47ab8cf964a520e23926e3,0.9925007338517666,1.0,7.2
14,4c87ac36821e9eb0ffcd8d89,0.989169279800206,1.0,6.9
15,4ae19ccbf964a520688621e3,0.9939661076968237,1.0,6.8
16,4de90673e4cd15735404e49b,0.7964947512126027,1.0,6.1
17,4b5f3343f964a520d8ac29e3,0.8600346657596414,1.0,6.0
18,4b6c61e3f964a52071352ce3,0.9145516981096911,1.0,6.1
19,4bc35a8f2a89ef3bb7e4f488,0.9586480353739848,1.0,6.3
20,4bb0ed77f964a520f96a3ce3,0.43264871564292406,1.0,6.0
21,4b7d83dff964a520b0c32fe3,0.9451498222447943,1.0,6.3
22,4bfd4dc88992a5930ee5abb0,0.9670395720828809,2.0,6.2
23,4ad85419f964a520091121e3,0.9346196318160851,1.0,5.8
24,4c7fbe28fb74236a7af2fab9,0.1060753607522097,1.0,
25,4b5f4402f964a520e3b029e3,0.9042451577431845,1.0,5.9
26,504a2397e4b0a5cade49ae45,0.9187894008508021,1.0,6.1
27,4bc498a6920eb7139df11e2c,0.8463803635245386,1.0,
28,4b6993d6f964a52014a82be3,0.9234487771466912,1.0,5.9
29,4c28d4e13492a59315f6b728,0.9332567642495375,1.0,5.8
30,4bd5e38d7b1876b09c908b86,0.3144682952739946,1.0,
31,4db2ac704159ca03c9068626,0.6696036268585087,1.0,
32,4ae8c18df964a52002b221e3,0.9878460169321734,1.0,5.8
33,4b3caee6f964a520278625e3,0.9403716318533601,1.0,5.5
34,4da5e8be4df024212d52623e,0.585487906588824,1.0,
35,504b5dafe4b0c450c251b36c,0.8771811705285131,1.0,
36,4ad10ea1f964a52055dc20e3,0.5127713504270318,1.0,
37,4cf8f595466b6ea8b166648b,0.5091323775399424,1.0,
38,4ba628d5f964a520083839e3,0.8756202794693903,1.0,
39,51aa404f498e6d7f20f364f6,0.9061811285941264,1.0,5.0
40,5473c010498e00c506b4c313,0.9140694526630665,1.0,8.6
41,4ac518c3f964a5203ca420e3,0.9874709371403544,2.0,8.3
42,4ad20d0cf964a52010df20e3,0.9825180201378243,1.0,8.4
43,4ac518c3f964a52041a420e3,0.9796152287054855,1.0,8.2
44,4ad4dc51f964a5204bfc20e3,0.9957529785062972,2.0,7.4
45,4b634d25f964a520b0702ae3,0.9888105078254225,1.0,7.8
46,4addfc9ef964a520156721e3,0.9736558864230435,1.0,7.3
47,4b0c2752f964a520f83723e3,0.9882094482832529,1.0,7.4
48,4afb51dff964a520e41c22e3,0.9944530125197442,1.0,7.2
49,4ad84d83f964a520fe1021e3,0.9405836334748231,1.0,7.2
50,4b8e9757f964a520a22a33e3,0.9737071395622982,1.0,7.0
51,508c12fae4b0772b58a73128,0.9804259601809702,,7.1
52,4b84239ef964a5202a2331e3,0.9740286365267146,2.0,7.2
53,566af633498eadbfb1b6ec53,0.9604372358716062,1.0,7.1
54,4ac518bef964a5201aa320e3,0.9414479477777105,1.0,6.7
55,4ac518bcf964a52069a220e3,0.9918926852451531,1.0,6.8
56,4ac518bcf964a52097a220e3,0.9759436401843249,1.0,7.0
57,4afd6abff964a520b62722e3,0.9971554507713597,1.0,7.0
58,4aeb7215f964a52025c221e3,0.9897074377623811,1.0,6.4
59,4b674815f964a520a3452be3,0.9648030714608542,1.0,6.6
60,4b50c706f964a520063227e3,0.9444369376715233,1.0,6.4
61,4b6099c3f964a52094ef29e3,0.977369409330867,1.0,6.2
62,4fac0383e4b05cb200c3fda4,0.9645398167001366,1.0,6.7
63,4b3a03cff964a520456025e3,0.9529635962930002,1.0,6.3
64,4b3e86b0f964a520759e25e3,0.8890322941371068,1.0,5.7
65,4ad8b72ef964a520ee1321e3,0.9180252631382763,1.0,6.1
66,4b3a6128f964a520fb6525e3,0.9452639769640436,1.0,6.4
67,4ad8c1c7f964a520651421e3,0.9896491955586825,1.0,6.3
68,4bb22b27f964a5209cbf3ce3,0.9918740477399696,2.0,5.9
69,5bef0cf6780eee002ce87166,0.9689196304182722,1.0,
70,4ad0fbbdf964a520b5db20e3,0.9794405020943896,2.0,5.9
71,4b38e0aaf964a520835125e3,0.9202035215566045,1.0,6.0
72,4b8d5733f964a520b0f532e3,0.5342044813881214,1.0,
73,4b2e9f75f964a520c7e324e3,0.9787066503277871,1.0,5.3
74,51ba253f498e875047c204cc,0.6166824308898011,1.0,
75,5363e078498edd00c571a622,0.9823549419674682,1.0,9.0
76,4ac518c5f964a520e2a420e3,0.9531266744633563,2.0,8.3
77,4cb5ee61f6616dcbfe42db08,0.8852954743478038,1.0,7.4
78,5b5218ee835c9a00390ed6f2,0.9665247110021853,1.0,7.7
79,4ac518c5f964a520c4a420e3,0.9755918572739853,2.0,7.5
80,4e31db1fa809189f7a22b81a,0.969140950792327,1.0,7.2
81,4ada41e3f964a5209a2021e3,0.8955274646935761,1.0,6.9
82,4ac518e8f964a52098ab20e3,0.9747927742392404,1.0,6.4
83,4b6de492f964a52077992ce3,0.9586293978688013,2.0,6.7
84,52f51ceb498eafff7e3061b7,0.24025607932122206,1.0,6.8
85,4b4ee026f964a520a9f626e3,0.987911248200316,1.0,5.4
86,54d927e3498eb8302660c1a1,0.8108572786446806,1.0,
87,4bc2232d461576b050e97c32,0.9860288601767767,2.0,5.6
88,4dd97656d4c05d50971b5fd4,0.8559949865111056,1.0,
89,51783718e4b01ba111d476f6,0.07854543590794937,1.0,
90,4c5dbb137735c9b67cf38f72,0.2765293237847182,1.0,
91,4bd2f798046076b086d97471,0.1486014882047889,1.0,
92,55db3cd1498e500ec06650ee,0.836663234259462,1.0,
93,608c380133f13821129d809e,0.9302468071623933,1.0,
94,4b9bc2e7f964a5202c2236e3,0.9576485991585166,1.0,5.2
95,4bc8cee792b376b0673f523a,0.9610988673056224,1.0,7.7
96,4df25a25d1649c8a28dec4a5,0.9536345464796082,1.0,7.4
97,4b294b15f964a5206f9c24e3,0.9429529263212826,1.0,6.1
98,4b5b6d7bf964a52041fd28e3,0.2161274991729607,1.0,
99,4ac518c5f964a520a3a420e3,0.9648822808578844,1.0,
100,4e2f2a62c65b80dfd83e3d7e,0.4925729541843529,1.0,
101,4adba164f964a520892921e3,0.9094333732486569,1.0,
102,4c8b9cc13dc2a1cd8cb0b732,0.7918516827337493,1.0,
103,4f64ef0fe4b0777dfcdc2052,0.031168897731349683,1.0,
104,60cd1824dbc9365fece3455d,0.9829629905740818,1.0,
105,4ad20d96f964a52011df20e3,0.9827393405118791,2.0,7.9
106,51f1745d498e766a81a58b41,0.9765586778553823,1.0,7.3
107,4afa7bebf964a520f41722e3,0.97800075481896,1.0,7.1
108,4c12391577cea593a299cc60,0.9597662856849982,1.0,7.3
109,4bae403cf964a52090983be3,0.9686330787760751,2.0,6.2
110,509fdd64e4b01718b36b7a39,0.8857474338485051,1.0,
111,4ac518bef964a52010a320e3,0.9932439043709609,2.0,8.2
112,59d77aa1029a552c5f80b296,0.947891865194925,,7.9
113,4ac518bef964a520faa220e3,0.9933324325205828,1.0,7.5
114,5a283f824f0e581478f1e5ee,0.9475237744675498,1.0,7.3
115,4ac518c1f964a520e2a320e3,0.9540771872277177,1.0,6.9
116,4c07de0d708c2d7f0da0ca63,0.994164131189399,2.0,6.5
117,4b43bb69f964a520e3e725e3,0.9430065091486853,1.0,6.3
118,4ad89b5ff964a520c81221e3,0.9552979438172406,1.0,5.7
119,4ffc0faf64a48317fd8ac5cc,0.8943929065655272,1.0,
120,4bf686f394b2a593e092adee,0.9476752041971662,1.0,5.6
121,4b744df5f964a520e3d32de3,0.9357798165137615,1.0,5.2
122,4ac518bef964a520ffa220e3,0.9699563416441075,1.0,7.2
123,4ac518c5f964a520afa420e3,0.9549717874765284,3.0,7.4
124,4ada5f87f964a520fc2121e3,0.9184329585641666,1.0,6.9
125,4ba28b8df964a520c30238e3,0.9565722832341663,1.0,6.0
126,4b74769bf964a52023de2de3,0.9786204518663132,1.0,6.3
127,4b0c4f86f964a520f13a23e3,0.9588250916732286,1.0,5.8
128,4cc707f30a8c95218e16bda6,0.09775138499960395,1.0,
129,5112b735e4b00ee93b8ae1c3,0.9831843109481365,2.0,6.0
130,4af49568f964a52010f421e3,0.9721392594387316,3.0,6.0
131,4c1905d2f551ef3bd11d4768,0.9521947992041785,1.0,5.7
132,5b881fa598fbfc002c368d32,0.5632906379152087,1.0,
133,4c87aaf9821e9eb0ebcc8d89,0.9928525167621062,2.0,5.7
134,4ad9f6ddf964a520751c21e3,0.9429505966331347,1.0,4.8
135,4ae83bfef964a52047ae21e3,0.9612759236048662,2.0,8.5
136,4ad870d4f964a520661121e3,0.951169736419083,1.0,8.0
137,4c5434e8a724e21e447800f6,0.8471072262266973,1.0,
138,4c544f5ba724e21eda772ef6,0.8644401060474045,1.0,
139,4b6728c9f964a520823e2be3,0.964181044725353,1.0,8.4
140,50955321498e4ddf6826dede,0.9087927090079722,1.0,6.8
141,4bb4f358c29a95219dffa735,0.9621821722944167,1.0,7.7
142,4ad06911f964a520fcd720e3,0.966408226594788,1.0,6.9
143,4bf570012c6b76b05180a18c,0.9593958652694751,1.0,5.8
144,4b76dc75f964a520ff642ee3,0.18251708826256519,1.0,
145,4b6c2ae4f964a5204a272ce3,0.9608076562871294,1.0,8.3
146,4b719a70f964a5206e502de3,0.97522376654661,1.0,8.3
147,4ae5d12df964a52041a221e3,0.9889805750602224,1.0,7.2
148,4d44995a1911a09363e9d9d8,0.9278076236714954,1.0,7.2
149,4b8ed000f964a520af3833e3,0.9745854319940733,2.0,7.8
150,4bddbc3a587b2d7f9ddb5409,0.9577790616948015,1.0,7.0
151,4ba15675f964a520fead37e3,0.9514562880612801,1.0,7.3
152,4b4a47e0f964a520218226e3,0.9588856635650752,1.0,6.5
153,4db5701d5da3a76f445106e0,0.4373989497765829,1.0,6.1
154,4efe10a79adffb90cb4f67f4,0.907665139944367,1.0,
155,4b5af814f964a520c7dc28e3,0.9709650966121675,1.0,7.0
156,4ac518bef964a520fba220e3,0.9576835444807358,1.0,7.3
157,4d274242b818a35d5ce1898a,0.9422936245754143,1.0,6.6
158,4b506e8df964a5201b2327e3,0.9934232903583526,1.0,6.9
159,4b23a398f964a520815724e3,0.9305916010082891,1.0,6.7
160,4ad365d0f964a52026e420e3,0.9386499923120291,1.0,6.0
161,58e496c8084be55ed667c347,0.8889134800415617,1.0,
162,4af0bf5cf964a520d0de21e3,0.985008456767977,1.0,7.7
163,51618649e4b006e8fd68fe21,0.911446223808481,1.0,
164,5371f980498e188cd0583009,0.9651711621882295,2.0,7.5
165,4b8fecb7f964a520e96933e3,0.8743179837946893,1.0,7.5
166,4bd4314a9854d13a372cff4d,0.9817049589741917,1.0,6.9
167,4ec93e9de5fa232a773f0285,0.013971139823223263,1.0,
168,4ac518c5f964a520c6a420e3,0.9700891338685403,1.0,8.1
169,4b462efbf964a5205a1926e3,0.9682976036827711,1.0,8.2
170,4acfc3a3f964a520d4d520e3,0.9656161326244869,1.0,7.5
171,5b6f348e1ffe97002cc9eccf,0.9780147329478476,1.0,8.3
172,4ad716c8f964a520a30821e3,0.9502751361702723,1.0,7.7
173,4b7828bdf964a52000b92ee3,0.9781917892470914,1.0,6.2
174,4b648fadf964a520c8bd2ae3,0.863030644717898,1.0,
175,4cd5910a67c7236a56921377,0.49220020408068177,1.0,
176,4bb4ec9beb6dd13a068496e4,0.9374828185499089,1.0,
177,4b96b7cdf964a520fedf34e3,0.9428690575479566,1.0,5.1
178,4bbf6093b083a593fb4fa3e9,0.38207584532734445,1.0,5.1
179,4ac518baf964a520d5a120e3,0.9896468658705345,2.0,8.2
180,4ac518bff964a52024a320e3,0.9844912659991334,2.0,8.6
181,4ac518bef964a52010a320e3,0.9932439043709609,2.0,8.2
182,4ac518c3f964a5203da420e3,0.9429203106872114,1.0,7.1
183,4b3cb4c9f964a5205c8625e3,0.9816001230075342,1.0,6.8
184,4b1311e3f964a520b19323e3,0.9506059518872804,1.0,6.5
185,4c07de0d708c2d7f0da0ca63,0.994164131189399,2.0,6.5
186,4b20dd29f964a520fc3424e3,0.8695095074573318,1.0,6.3
187,4ac518c3f964a5203fa420e3,0.9395259550556563,1.0,6.2
188,4b05a395f964a52005e022e3,0.8861784261558747,1.0,5.8
189,527a8d1911d2afc1ab5c8d4b,0.8955204756291323,1.0,6.2
190,4ac518c3f964a52040a420e3,0.9049510532520116,1.0,6.0
191,4b3f74fbf964a5202ca725e3,0.9217178188527684,1.0,5.9
192,4ad63f34f964a520020621e3,0.8525074433536327,1.0,5.6
193,4bd821dee914a593d77752fa,0.8519180322522028,1.0,
194,4ad84c77f964a520fc1021e3,0.8761281514856422,1.0,5.1
195,4b2fe171f964a520e1f124e3,0.9662288406073963,1.0,8.1
196,4bc20cf2920eb7134b881b2c,0.9646539714193858,1.0,6.9
197,4bb63f21f562ef3b70da2f97,0.9716896296261782,1.0,6.0
198,4ba4f655f964a52029c938e3,0.9197352542388676,,5.4
199,4b228701f964a5205c4824e3,0.9778423360248997,1.0,7.1
200,4be1d60ea145c928a7bc4e80,0.9888361343950499,1.0,
201,4ada5bc6f964a520cd2121e3,0.9572688599904017,1.0,7.8
202,4b1d379ef964a520260d24e3,0.9512279786227815,1.0,7.4
203,5081881fe4b029049227a241,0.5442361185531704,1.0,6.9
204,4af06e30f964a520f4db21e3,0.995170556469311,2.0,7.2
205,4aec421af964a520b5c521e3,0.9665503375718126,1.0,6.9
206,4acf1a14f964a5206ad220e3,0.9701333979433513,1.0,6.5
207,4b9ebbf5f964a52092fd36e3,0.9426267699805704,1.0,6.3
208,4ac5e10af964a52087b220e3,0.965860749880021,2.0,6.4
209,4ad718fbf964a520ad0821e3,0.9747857851747965,2.0,6.2
210,5d227204dbde110025467017,0.8609898379002987,1.0,
211,4aedb71ff964a5204ece21e3,0.9711794279217784,1.0,6.2
212,4ada5b5ff964a520c72121e3,0.9315304653319106,1.0,6.2
213,4aeec709f964a52040d421e3,0.9636708430209532,1.0,6.0
214,4af4f4fdf964a520adf721e3,0.9859799367256699,1.0,5.6
215,4beebce7d355a593473b0b60,0.08515942055996384,1.0,
216,4b9ce814f964a520ad8136e3,0.10150917198223845,1.0,
217,4ad61c70f964a520250521e3,0.11444127089147847,1.0,
218,4ac5e142f964a52088b220e3,0.9118935239328864,1.0,5.1
219,4aef49d9f964a52041d721e3,0.9837294579747555,1.0,7.1
220,4b7c38ddf964a52079852fe3,0.9465686023268925,1.0,5.9
221,57f540f1498e052d698d84c4,0.9740169880859748,1.0,8.0
222,4ad9e432f964a520a31b21e3,0.9314279590534011,1.0,7.5
223,4c07ac0f8a81c9b6b98a2790,0.9882490529817679,1.0,6.5
224,50e83ec8e4b07c15b77a807c,0.8614650942824793,1.0,
225,4cd5513689eb6dcba8c6271e,0.9633586648091287,1.0,
226,5013145ee4b0befd12bc7165,0.9646190260971667,1.0,
227,4aef49d9f964a52041d721e3,0.9837294579747555,1.0,7.1
228,4b7c38ddf964a52079852fe3,0.9465686023268925,1.0,5.9
229,539a0fdb498ef219412fe560,0.10405552112794181,1.0,
230,4ad374f0f964a52081e420e3,0.9465779210794844,1.0,8.5
231,4acefe60f964a52038d220e3,0.9547714342958051,1.0,8.1
232,50bbc333e4b0c379f50c7800,0.5569865017868708,1.0,
233,5d0a80d6a35f460025affc59,0.9752214368584621,1.0,
234,581ce2223c94c10b923fae44,0.9861989274115767,1.0,7.9
235,4bdde498ffdec92807dbe6a1,0.9485441778763495,,7.6
236,4e2890dc52b1c37d35c3660b,0.9769989889153438,1.0,7.0
237,4c0bf2f0009a0f4745dfebbf,0.9819146309075067,1.0,5.9
238,4c016bbff7ab0f47301616b6,0.8599438079218715,1.0,
239,4b43c55df964a52041e925e3,0.9259811481635069,1.0,7.4
240,4ac518bdf964a520cfa220e3,0.9956900769263026,1.0,6.9
241,4ac518bdf964a520cca220e3,0.9734368957371367,1.0,5.7
242,5d9a1c4274a03a0008ce7c3f,0.9848500379739168,1.0,
243,4db2f5726e8179a9135de531,0.7879098503874271,1.0,
244,4bf80ae5508c0f4787333e31,0.9361432478648408,1.0,5.4
245,4ba51efbf964a52027e038e3,0.42417098047255397,1.0,
246,4ac518bdf964a520cba220e3,0.9761276855480125,1.0,5.5
247,4ace2bb3f964a520d1ce20e3,0.9914453851207478,2.0,7.9
248,4b4a1978f964a5208b7a26e3,0.9544592560839806,1.0,7.5
249,5891b1d9cc5b6a7ca7058b26,0.9673843659287767,1.0,6.9
250,4b0d9700f964a520ba4b23e3,0.15714911401959733,1.0,
251,55214760498e1093805964cc,0.6255142786586587,1.0,
252,4d03c6928620224b7204a540,0.9435609749278961,1.0,5.8
253,59d2c33b112c6c4d6b586f40,0.9126110678824533,,
254,4c87888af554236a1068cd55,0.8659147986450534,1.0,
255,4b9694e6f964a52057d634e3,0.9821289622171177,1.0,8.0
256,4c0bd246a1b32d7fb9899bf0,0.9236071959407514,1.0,6.8
257,4d3b0ba6039eb60c0157f19c,0.9589206088872944,1.0,6.3
258,4f569395e4b06f3517a9b5b0,0.9698398572367103,1.0,
259,4b462efbf964a5205a1926e3,0.9682976036827711,1.0,8.2
260,4eac7953cc21b06a5736bc9a,0.96556720917338,2.0,8.1
261,4ac518c5f964a520c6a420e3,0.9700891338685403,1.0,8.1
262,4acfc3a3f964a520d4d520e3,0.9656161326244869,1.0,7.5
263,4b7828bdf964a52000b92ee3,0.9781917892470914,1.0,6.2
264,4bb4ec9beb6dd13a068496e4,0.9374828185499089,1.0,
265,4b6dffe3f964a52055a22ce3,0.9566864379534156,1.0,5.8
266,4ad86c31f964a5204e1121e3,0.9716849702498823,1.0,8.1
267,4e57e069d22d61e8f3408e62,0.9842559674961909,2.0,8.3
268,4ad011bef964a52080d720e3,0.9802186179358031,2.0,8.7
269,4ada4318f964a520a42021e3,0.9862804664967547,2.0,7.9
270,4ee61a462da504839760f91a,0.9956784284855629,1.0,7.8
271,4ad4f77af964a520040121e3,0.9647122136230845,1.0,7.5
272,4b1a1fbaf964a520a7e723e3,0.9739820427637557,1.0,7.6
273,4cec1c920f196dcb70c55bae,0.984463309741358,2.0,7.1
274,4ba93cc0f964a52003173ae3,0.9131142805224093,1.0,7.2
275,4bfed4a24e5d0f475b3a7d1f,0.9887452765572801,1.0,6.9
276,4bae8164f964a52091ba3be3,0.9838389533177089,1.0,6.8
277,4ac518bcf964a52081a220e3,0.979135312947009,1.0,6.5
278,4b994269f964a520516e35e3,0.9928385386332186,1.0,6.5
279,4ada427ef964a520a02021e3,0.9639201196527832,,5.7
280,4ccc7ea6aa25a35d315c150f,0.17448432352845247,1.0,
281,4bed9e3b9868a59373ab5d46,0.9376342482795254,1.0,6.1
282,4b62e64ef964a520ef572ae3,0.19092726247664488,1.0,
283,50ddd19fe4b0eb1fd7b12261,0.8755946528997628,1.0,
284,4bed6b249868a59397535d46,0.9872426277018558,2.0,6.8
285,4afb317bf964a520f51b22e3,0.9759879042591358,1.0,5.8
286,5802a69cd67cb63bf31f71de,0.8284487538498096,1.0,5.6
287,4acf71fbf964a520b9d320e3,0.6018166908177671,1.0,5.2
288,4fdb8783e4b0c183ab78edb1,0.908548091752438,1.0,
289,5c0965d132b61d002c650ae5,0.9844702988058018,1.0,8.0
290,4d55a3e396ed548198180b70,0.9427129684420443,1.0,6.6
291,53010a64498ef4e3a7f5f91a,0.9480968777519442,1.0,
292,563d2bf8cd10bb44c2afc90e,0.6973525423886758,1.0,
293,4ace246df964a520a9ce20e3,0.9731223878371641,1.0,7.9
294,4ad07825f964a52021d820e3,0.9760368277102427,1.0,6.8
295,60771f576636595536baeec7,0.9749115883347855,1.0,
296,5af40e9a149946002c07a192,0.9368747699432954,1.0,
297,4bcc89e13740b713102d6465,0.9202058512447524,1.0,8.2
298,4b7171f8f964a520fc462de3,0.9788441019285159,1.0,7.3
299,4ac518bdf964a520c5a220e3,0.9355142320648958,1.0,6.2
300,4f4fc093e4b07dc4f09da447,0.9513863974168418,1.0,7.9
301,5c5cb89275eee40039715bb0,0.9825832514059668,1.0,7.6
302,556f0fc9498e8a8ed316ada1,0.8751357043346177,1.0,
303,4c87aa9c821e9eb095cc8d89,0.9856025272457029,1.0,5.0
304,53cabdb4498eb39a55d3e078,0.9577068413622153,1.0,7.8
305,4ada437ef964a520a92021e3,0.9216269610149985,1.0,8.0
306,4ac518c7f964a52058a520e3,0.9605467312145596,1.0,7.1
307,4af9f45ff964a520891522e3,0.9864249071619273,1.0,6.3
308,4ad3c1d8f964a52029e620e3,0.9524533945886003,1.0,6.9
309,6097f9f3650d8f68b5897f18,0.9782034376878311,1.0,
310,5de3e165f3d152000788d63d,0.9596591200301927,1.0,
311,4c34dffe213c2d7f623c395d,0.8669468504945927,1.0,
312,4aec40e1f964a520b0c521e3,0.9948653673219303,2.0,8.0
313,4b3f6928f964a5207fa625e3,0.978799837853705,1.0,7.8
314,4ac518c3f964a5203ca420e3,0.9874709371403544,2.0,8.3
315,4b784f68f964a52040c42ee3,0.9861127289501027,2.0,7.9
316,4ad84d83f964a520fe1021e3,0.9405836334748231,1.0,7.2
317,4b21114bf964a5208f3624e3,0.9887406171809842,1.0,7.1
318,4ac518baf964a520d4a120e3,0.989546689280173,1.0,7.3
319,4addfc9ef964a520156721e3,0.9736558864230435,1.0,7.3
320,4ac518bcf964a5208fa220e3,0.9916201117318436,2.0,6.9
321,4ac518c5f964a520c0a420e3,0.9603813233560555,1.0,7.1
322,4d5575a648ea6ea8326fd5a3,0.830032941790412,1.0,6.8
323,4ac518bcf964a52069a220e3,0.9918926852451531,1.0,6.8
324,4f19a7b3e4b088d4a00fcc4f,0.9765307215976069,1.0,6.6
325,4acf80bcf964a52026d420e3,0.9571547052711524,1.0,6.5
326,4fac0383e4b05cb200c3fda4,0.9645398167001366,1.0,6.7
327,4b3e7ca8f964a520de9d25e3,0.9930342324376459,1.0,6.0
328,4b083cdbf964a520000723e3,0.9737747005185886,1.0,6.4
329,4aef2314f964a520f0d521e3,0.971407737360277,1.0,5.9
330,4ae9aca2f964a5209fb521e3,0.8790565694876084,2.0,6.0
331,4ad0fbbdf964a520b5db20e3,0.9794405020943896,2.0,5.9
332,618d37ec82095024932e3909,0.9422074261139404,1.0,
333,4b8d5733f964a520b0f532e3,0.5342044813881214,1.0,
334,4da98bf3cda1652a2b75abef,0.857658383848738,1.0,
335,4b817c4df964a52068a930e3,0.9334664361828525,1.0,8.5
336,4b3b5363f964a5207e7225e3,0.9628344849758411,1.0,8.1
337,4dd56b1d6365d68ffa75f789,0.9558151345860844,1.0,7.8
338,4b55f12cf964a520d1f727e3,0.9602927952064336,1.0,7.2
339,4bc22283abf49521cf06c293,0.9502774658584202,1.0,6.8
340,4ac518c4f964a5207aa420e3,0.9366418011285009,1.0,7.2
341,4ac518bcf964a52094a220e3,0.9790397957329432,1.0,6.5
342,4bf80ae5508c0f4787333e31,0.9361432478648408,1.0,5.4
343,4ad785bbf964a520bf0b21e3,0.9901361003816029,2.0,8.1
344,4adf266af964a520df7721e3,0.9889060250394882,2.0,8.3
345,4ac518d7f964a52057a820e3,0.9856491210086618,1.0,7.9
346,4b2a956af964a520ceab24e3,0.9888990359750444,1.0,7.9
347,4ad26ce6f964a52091e120e3,0.9953825580907739,2.0,7.4
348,4adcb6b2f964a520022f21e3,0.9688986632249407,,7.8
349,4ac518bef964a52020a320e3,0.9794451614706855,2.0,7.5
350,4b38d411f964a520d85025e3,0.9875781027951598,1.0,7.2
351,4ac518baf964a520d4a120e3,0.989546689280173,1.0,7.3
352,4ac518c5f964a520c0a420e3,0.9603813233560555,1.0,7.1
353,4ae216c5f964a520978a21e3,0.9782220751930146,2.0,7.0
354,4ac518bcf964a52086a220e3,0.9709953825580908,1.0,7.0
355,4b0c2752f964a520f83723e3,0.9882094482832529,1.0,7.4
356,4afb51dff964a520e41c22e3,0.9944530125197442,1.0,7.2
357,4ac518c3f964a5203ba420e3,0.9780659860871024,2.0,7.1
358,4ac518bcf964a5208fa220e3,0.9916201117318436,2.0,6.9
359,4ace44acf964a52080cf20e3,0.9782407126981982,1.0,7.1
360,4be6b69fcf200f4787c8143c,0.988957278178743,1.0,6.6
361,4ad771e0f964a5208f0a21e3,0.981693310533452,2.0,6.7
362,4d5575a648ea6ea8326fd5a3,0.830032941790412,1.0,6.8
363,4ac518c6f964a52035a520e3,0.9874849152692421,1.0,6.5
364,4acf9f24f964a52004d520e3,0.9768778451316507,1.0,6.3
365,4b7daaeff964a52075cd2fe3,0.989253148573532,1.0,6.6
366,4b59ea79f964a5209fa028e3,0.9498022094762395,2.0,6.6
367,4fac0383e4b05cb200c3fda4,0.9645398167001366,1.0,6.7
368,4ad204d6f964a520dfde20e3,0.9743291662977994,2.0,6.9
369,4b535517f964a520b79727e3,0.9864435446671108,1.0,6.5
370,4f19a7b3e4b088d4a00fcc4f,0.9765307215976069,1.0,6.6
371,4ad4bf4af964a52007e920e3,0.9828069014681695,1.0,6.7
372,4af33009f964a5208deb21e3,0.9791143457536774,2.0,6.3
373,4b6a083af964a52000c32be3,0.9611501204448772,1.0,6.5
374,4ad70cf9f964a5208b0821e3,0.9925147119806542,1.0,6.1
375,4b3cd581f964a520f68725e3,0.9846683222983771,1.0,6.1
376,4acf80bcf964a52026d420e3,0.9571547052711524,1.0,6.5
377,4bad0ecbf964a52040293be3,0.9536997777477507,1.0,6.6
378,4ace3996f964a5202fcf20e3,0.9570289021111634,1.0,6.3
379,4b50ca67f964a520b03227e3,0.9786157924900173,1.0,5.8
380,4b3fb763f964a52011ad25e3,0.984589112901347,1.0,6.2
381,4b3ba489f964a520cf7725e3,0.9959929363855354,1.0,5.9
382,4b2a77acf964a520bca924e3,0.955617111093509,1.0,5.8
383,4ad8c1c7f964a520651421e3,0.9896491955586825,1.0,6.3
384,4ac518bef964a5201fa320e3,0.9854441084516427,1.0,6.1
385,4b0ac68af964a520a42723e3,0.9804026632994908,1.0,6.1
386,4b0196b8f964a520aa4322e3,0.9690617413952968,1.0,5.8
387,4c5c830d85a1e21e60df5611,0.5555351060707013,1.0,
388,4cc5c83c914137045f9dcb55,0.7962058698822576,1.0,
389,4ac518c3f964a5203aa420e3,0.9791399723233049,1.0,5.9
390,5e3f17362598080008bef026,0.9782570205152338,1.0,
391,4c0fbb3cc6cf76b0c1bf8251,0.9805773899105865,1.0,5.9
392,58cfb4e315fb433bd09275c4,0.11354900033081572,1.0,
393,4ad8a741f964a5204c1321e3,0.9218040173142423,1.0,5.4
394,4c13a64a82a3c9b680c4fbf8,0.19924191947665884,1.0,
395,4cd9a1305e1b721e594b40d9,0.5345772314917925,1.0,
396,4dc5b57fae608779d142e67e,0.8932676671900699,1.0,
397,5d8cf68f2a74600007c6f72f,0.9276142595552159,1.0,
398,4ac518bbf964a52032a220e3,0.9714706389402714,2.0,5.3
399,4aded2f9f964a520c57621e3,0.9501353548813956,2.0,5.2
400,4ac518c1f964a520e9a320e3,0.3862040527255022,2.0,5.1
401,61929b88f231606563615bc1,0.3443232488899036,1.0,
402,4b33bd53f964a520351e25e3,0.9778167094552723,1.0,6.8
403,4d6a8e4a30a7236ac17d83ac,0.03904557335955009,1.0,6.3
404,4b3cb437f964a520528625e3,0.9298204742313194,1.0,7.0
405,4ee61a462da504839760f8a4,0.9329678829191924,1.0,7.2
406,504e3928e4b0c8862c1ae038,0.9675124987769137,1.0,6.9
407,5c48c89e054e29002cacbd4e,0.9477031604549415,1.0,7.2
408,5d23b93938c7d60024ed7856,0.9793170286225485,1.0,
409,53a6f2ce498eac9e642f0192,0.9681811192753738,1.0,7.8
410,4dd937b5fa76ad96d14fda9e,0.9760741027206098,1.0,8.3
411,4acfb460f964a5206ed520e3,0.9405347100237162,1.0,7.2
412,4ac518bcf964a52084a220e3,0.9626131646017864,1.0,6.4
413,4ba7b9b8f964a52069ad39e3,0.9193205697485335,1.0,6.3
414,4af5e54ef964a52071fe21e3,0.929750583586881,1.0,6.3
415,4ada25f5f964a5201c1f21e3,0.9856095163101467,1.0,6.0
416,5ae9fcb2c53093002c6aeaf0,0.9233695677496611,1.0,5.8
417,59d00975b9a5a874d8850569,0.9445883674011397,1.0,
418,619a72ff9616d3577fc6e0a0,0.9180765162775311,1.0,
419,4b561150f964a520b6fe27e3,0.8567195195251164,1.0,
420,60d7a9a5d95c69162585f6fd,0.9667996142036427,1.0,
421,4ace3d36f964a5204ccf20e3,0.9439150875263838,2.0,8.0
422,4ac518bdf964a520bda220e3,0.9620680175751674,2.0,8.3
423,4b21501df964a520003a24e3,0.9820963465830463,2.0,8.3
424,4abdc1c7f964a5206d8b20e3,0.9746693007673993,2.0,7.4
425,4ad31db8f964a5201ce320e3,0.9670884955339878,1.0,7.4
426,4acdba5cf964a520d8cc20e3,0.9216898625949931,2.0,7.5
427,4ac518c5f964a520afa420e3,0.9549717874765284,3.0,7.4
428,5a60e8bbbd40093d60dc5abb,0.9204201825543633,1.0,7.2
429,4e2882a218a83a1362331239,0.9683535161983217,2.0,7.3
430,4ae75018f964a5204baa21e3,0.851235433624855,2.0,7.0
431,4ad84c0cf964a520fa1021e3,0.8979829560015097,1.0,6.9
432,4ad3b7b9f964a520e1e520e3,0.9637989758690901,1.0,6.2
433,4c61519c12e5c928573e214c,0.9294197678698729,1.0,6.3
434,4ada5f0bf964a520f82121e3,0.9376575451610047,1.0,6.1
435,4b4cb98ff964a520f6bb26e3,0.9537254043173781,1.0,6.7
436,4b74769bf964a52023de2de3,0.9786204518663132,1.0,6.3
437,4b6c1011f964a520f2212ce3,0.8946911066484641,1.0,5.5
438,5112b735e4b00ee93b8ae1c3,0.9831843109481365,2.0,6.0
439,4acdd211f964a52023cd20e3,0.896121535171302,1.0,5.9
440,4c87aaf9821e9eb0ebcc8d89,0.9928525167621062,2.0,5.7
441,5d26150b972c0d00230bba3d,0.9552140750439146,1.0,
442,4acdd1a0f964a52021cd20e3,0.0889777794344449,1.0,
443,4ad9f6ddf964a520751c21e3,0.9429505966331347,1.0,4.8
444,51535ea3e4b04e3a8af3f261,0.9338158894050442,1.0,7.2
445,51448014e4b0554c23658186,0.9816886511571561,1.0,8.4
446,4c6800f69cedd13abe5379a1,0.9689452569878996,1.0,
447,4ac518c3f964a5203ca420e3,0.9874709371403544,2.0,8.3
448,4b0c2752f964a520f83723e3,0.9882094482832529,1.0,7.4
449,4afb51dff964a520e41c22e3,0.9944530125197442,1.0,7.2
450,4ac518c5f964a520d5a420e3,0.9895233923986935,1.0,8.2
451,4ad4dc51f964a5204bfc20e3,0.9957529785062972,2.0,7.4
452,4addfc9ef964a520156721e3,0.9736558864230435,1.0,7.3
453,4ad84d83f964a520fe1021e3,0.9405836334748231,1.0,7.2
454,508c12fae4b0772b58a73128,0.9804259601809702,,7.1
455,4ac518baf964a520d4a120e3,0.989546689280173,1.0,7.3
456,4ac518bcf964a52097a220e3,0.9759436401843249,1.0,7.0
457,4ac518bef964a5201aa320e3,0.9414479477777105,1.0,6.7
458,4b38d411f964a520d85025e3,0.9875781027951598,1.0,7.2
459,4ac518c5f964a520c0a420e3,0.9603813233560555,1.0,7.1
460,4ac518bcf964a52069a220e3,0.9918926852451531,1.0,6.8
461,4b674815f964a520a3452be3,0.9648030714608542,1.0,6.6
462,4b8e9757f964a520a22a33e3,0.9737071395622982,1.0,7.0
463,4fac0383e4b05cb200c3fda4,0.9645398167001366,1.0,6.7
464,4afd6abff964a520b62722e3,0.9971554507713597,1.0,7.0
465,4ac518bcf964a5208fa220e3,0.9916201117318436,2.0,6.9
466,4b6099c3f964a52094ef29e3,0.977369409330867,1.0,6.2
467,4b59ea79f964a5209fa028e3,0.9498022094762395,2.0,6.6
468,4d5575a648ea6ea8326fd5a3,0.830032941790412,1.0,6.8
469,4b1d3fb8f964a5209c0d24e3,0.9773624202664232,1.0,6.6
470,4f19a7b3e4b088d4a00fcc4f,0.9765307215976069,1.0,6.6
471,4ad8b72ef964a520ee1321e3,0.9180252631382763,1.0,6.1
472,4ad8c1c7f964a520651421e3,0.9896491955586825,1.0,6.3
473,4aeb7215f964a52025c221e3,0.9897074377623811,1.0,6.4
474,4acf80bcf964a52026d420e3,0.9571547052711524,1.0,6.5
475,4be6b69fcf200f4787c8143c,0.988957278178743,1.0,6.6
476,4bb22b27f964a5209cbf3ce3,0.9918740477399696,2.0,5.9
477,4b50c706f964a520063227e3,0.9444369376715233,1.0,6.4
478,4b3a03cff964a520456025e3,0.9529635962930002,1.0,6.3
479,4ad9cbdbf964a520ee1a21e3,0.9864761603011821,2.0,6.5
480,4b3e86b0f964a520759e25e3,0.8890322941371068,1.0,5.7
481,4ad0fbbdf964a520b5db20e3,0.9794405020943896,2.0,5.9
482,5bef0cf6780eee002ce87166,0.9689196304182722,1.0,
483,4b38e0aaf964a520835125e3,0.9202035215566045,1.0,6.0
484,4ac518bef964a5201fa320e3,0.9854441084516427,1.0,6.1
485,4b8d5733f964a520b0f532e3,0.5342044813881214,1.0,
486,4b3ba489f964a520cf7725e3,0.9959929363855354,1.0,5.9
487,4aef2314f964a520f0d521e3,0.971407737360277,1.0,5.9
488,4b2e9f75f964a520c7e324e3,0.9787066503277871,1.0,5.3
489,4bedbab94daaa593af218f61,0.06824588460588665,1.0,
490,4ac518bbf964a52032a220e3,0.9714706389402714,2.0,5.3
491,4c0e98eb98102d7ffaebe306,0.983456884461446,1.0,6.8
492,4b0c65d1f964a520753c23e3,0.9632398507135835,1.0,7.0
493,5d0a80d6a35f460025affc59,0.9752214368584621,1.0,
494,5a42b6f8cf72a02cf1b3dc0c,0.957084814626714,1.0,8.7
495,4b86bdf5f964a520389a31e3,0.9472535306423883,2.0,7.9
496,4e569db51838c793c07a6251,0.7459917715414615,1.0,7.1
497,4c6fecd8b3ce224ba71d72c6,0.945289603533671,1.0,6.4
498,4ac518c7f964a52050a520e3,0.96943216181082,2.0,6.6
499,4ba2902ff964a520b10438e3,0.8638833105800457,1.0,6.1
500,4f1c4963e4b085450794fe62,0.15396443032135718,1.0,
501,4b647ef8f964a52009b82ae3,0.3779220113595594,1.0,
502,4d4d3fe913d88cfa8c8e06da,0.8545668876764156,1.0,
503,4fb3a31fe4b0271a4c422277,0.8512004883026358,1.0,6.2
504,4bf565ab94af2d7f5ba83b72,0.9767287450901823,1.0,6.1
505,4b61f545f964a520882d2ae3,0.9691129945345516,2.0,8.3
506,4ace3ee6f964a5205fcf20e3,0.9782197455048667,2.0,8.8
507,4b2c184ff964a5207fc124e3,0.961499573667069,1.0,7.6
508,52a240d711d2761b153af949,0.9758155073361879,1.0,7.5
509,4cc1f77bbde8f04db9559b4b,0.9847801473294785,1.0,7.4
510,4ca64d01931bb60cfb0392e2,0.9125155506683875,1.0,
511,4cd6b3e5b2a4370452238644,0.610765022994022,1.0,
512,5e5806046f5546000865d7fc,0.9864831493656259,1.0,
513,527d41c511d210b44eafa789,0.49401037177163465,1.0,
514,4ace3ee6f964a5205fcf20e3,0.9782197455048667,2.0,8.8
515,4b61f545f964a520882d2ae3,0.9691129945345516,2.0,8.3
516,4b2c184ff964a5207fc124e3,0.961499573667069,1.0,7.6
517,5b52238cad1789002caa3739,0.988370196765461,1.0,6.7
518,4b6b2e67f964a520f6f72be3,0.9347850396745891,1.0,6.7
519,4ca64d01931bb60cfb0392e2,0.9125155506683875,1.0,
520,4bcddbb28920b7132669a0dc,0.9735091160697229,1.0,6.5
521,4c56cb8ccc96c9b6e169772e,0.978082293904138,1.0,6.6
522,4b9198a0f964a52077c833e3,0.9083850135820819,1.0,6.3
523,4b773baef964a5202d8a2ee3,0.9433256764249538,1.0,8.1
524,53937daf498eb0e46cf0882f,0.9230643786022803,1.0,8.2
525,4bd46aab7b1876b0faee8886,0.9555215938794432,1.0,7.7
526,4bdc94beccf52d7f5b6c786d,0.9473490478564539,1.0,7.0
527,4c6bd919599fbe9a3c7e933f,0.9164620423910056,1.0,
528,54da70f4498e72aeca0158f3,0.13839978380493986,1.0,
529,4d8cf48bcb9b224be04e6141,0.8921657246960922,1.0,
530,536418d4498e53ff31fb7598,0.951211670805746,1.0,8.4
531,4ae389eff964a520659621e3,0.9722091500831699,2.0,6.9
532,4b803fe2f964a520c36030e3,0.979424194277354,1.0,6.7
533,4b69e804f964a52052bb2be3,0.9439313953434193,1.0,6.2
534,4cdd99557e2e236a93e3791b,0.9854976912790454,1.0,
535,4ac518bbf964a52010a220e3,0.970233574533713,1.0,7.4
536,4b6dc985f964a520d28f2ce3,0.8619589881698436,1.0,6.8
537,4f0750f5e4b00a2750c99c40,0.9436774593352933,1.0,
538,4d20d8d3bdd7a09320d2f0ce,0.8690855042144059,1.0,
539,4c0b9f476071a593ce78e132,0.9800066163143402,1.0,6.8
540,4bc0b88bf8219c74b40ab210,0.9434165342627235,1.0,5.9
541,4b104482f964a520b26c23e3,0.9654367466370951,1.0,7.8
542,4afeecdef964a520b73122e3,0.9819123012193588,1.0,7.8
543,4f64b90fe4b014afeb5fa180,0.9900685394253125,1.0,8.1
544,5065cb54e4b07cd5b0559922,0.9691665773619543,1.0,7.6
545,4ae0a7edf964a520598121e3,0.9636428867631779,1.0,6.5
546,4c8922677223b1f7326531a8,0.004552210641083585,1.0,
547,4adba631f964a520bf2921e3,0.9217550938631355,1.0,6.7
548,4ae34f36f964a520339321e3,0.9483251871904427,1.0,5.7
549,4bdc40623904a593a9594d9e,0.9553794829024187,1.0,5.4
550,4c87aae0821e9eb0d9cc8d89,0.9958648035373985,1.0,7.9
551,4c9e249b54c8a1cd238e8a4b,0.9845518378909799,1.0,
552,4b43b07bf964a52079e625e3,0.9576555882229605,1.0,8.1
553,4cbae864a33bb1f7dd1891fd,0.941552783744368,1.0,7.9
554,4b575588f964a520063228e3,0.8846315132256396,1.0,6.5
555,4bc3294d4cdfc9b662ea9621,0.9490939842792644,1.0,8.3
556,578920f6498e94398f3c3a54,0.9840719221325034,1.0,7.0
557,4b7d9187f964a5203ac72fe3,0.9338042409643045,1.0,7.6
558,4cfd4735c6cca35dabff9532,0.9346918521486713,1.0,6.5
559,4bdaa3c02a3a0f476b95abb6,0.9845075738161689,1.0,5.7
560,5d978c9caa7b54000729c2df,0.8871825217476389,1.0,
561,4b1597a5f964a520cfb023e3,0.2931982424832612,1.0,
562,4e2ad26562e144b5d3a52394,0.556052296839545,1.0,
563,5ad216ddad910e7bb2c2aa0f,0.9837015017169801,1.0,8.5
564,4d727fab3815f04da15b8e67,0.9720973250520686,1.0,7.2
565,4bbf7259b083a5937974a3e9,0.9643348041431175,1.0,6.7
566,4c0fe69c3ce120a11737071c,0.9830864640459228,1.0,6.6
567,4c87aaed821e9eb0e0cc8d89,0.9307243932327218,1.0,5.7
568,4ee4a91e8b81bab283a274e6,0.9699656603966993,1.0,6.0
569,4ace3d36f964a5204ccf20e3,0.9439150875263838,2.0,8.0
570,4abdc1c7f964a5206d8b20e3,0.9746693007673993,2.0,7.4
571,4ac518bef964a520ffa220e3,0.9699563416441075,1.0,7.2
572,4acdba5cf964a520d8cc20e3,0.9216898625949931,2.0,7.5
573,4ad31db8f964a5201ce320e3,0.9670884955339878,1.0,7.4
574,4ac518c5f964a520afa420e3,0.9549717874765284,3.0,7.4
575,4b4cb98ff964a520f6bb26e3,0.9537254043173781,1.0,6.7
576,5a60e8bbbd40093d60dc5abb,0.9204201825543633,1.0,7.2
577,4ada5f87f964a520fc2121e3,0.9184329585641666,1.0,6.9
578,5b8a7ad0f00a70002cf3e7f6,0.9490171045703822,1.0,7.2
579,5112b735e4b00ee93b8ae1c3,0.9831843109481365,2.0,6.0
580,4ada5fc2f964a520ff2121e3,0.04269852437552709,1.0,6.0
581,4c87aaf9821e9eb0ebcc8d89,0.9928525167621062,2.0,5.7
582,4c61519c12e5c928573e214c,0.9294197678698729,1.0,6.3
583,4b74769bf964a52023de2de3,0.9786204518663132,1.0,6.3
584,4ad3b7b9f964a520e1e520e3,0.9637989758690901,1.0,6.2
585,4ada5f0bf964a520f82121e3,0.9376575451610047,1.0,6.1
586,4ad9f6ddf964a520751c21e3,0.9429505966331347,1.0,4.8
587,4b0c4f86f964a520f13a23e3,0.9588250916732286,1.0,5.8
588,4cc707f30a8c95218e16bda6,0.09775138499960395,1.0,
589,4b194142f964a520fcd923e3,0.9695929102930282,1.0,5.3
590,4acdd1a0f964a52021cd20e3,0.0889777794344449,1.0,
591,541a9a95498e11da4a282f03,0.9342562004650058,2.0,6.5
592,4ba28b8df964a520c30238e3,0.9565722832341663,1.0,6.0
593,4cb4c170db32f04dc910e04d,0.5048224544662452,1.0,
594,4c1905d2f551ef3bd11d4768,0.9521947992041785,1.0,5.7
595,4ae346baf964a520c09221e3,0.9824388107407942,1.0,5.7
596,4ad772f4f964a520a60a21e3,0.9645840807749475,2.0,5.8
597,60e07a1c0e501b1ba85ff2a5,0.9266497686619669,,
598,4acfbf88f964a520bad520e3,0.9534644792448083,1.0,5.3
599,4ace05ccf964a520f3cd20e3,0.9175034129931368,2.0,5.1
600,4afec4edf964a520433022e3,0.9142045745756473,1.0,4.8
601,4b314798f964a520cc0325e3,0.9687076287968093,1.0,8.8
602,52dd9839498e80be68200fce,0.9603976311730912,1.0,8.0
603,4c6c261bd0869521e4e103ea,0.9721835235135424,1.0,6.8
604,4cbb69d0f50e224bd892f9fb,0.9755429338228785,2.0,6.2
605,4adb7670f964a520c32721e3,0.974009999021531,1.0,6.1
606,4be5a073910020a1fd35d314,0.7874182861882109,1.0,
607,61787141ddcd6e085d4385ce,0.9779238751100777,1.0,
608,4c474d961ddec9280fec9c32,0.9170561128687313,1.0,
609,5c5215468c35dc002cee60f4,0.9629300021899069,1.0,7.8
610,4b0edaebf964a520f05b23e3,0.9297435945224373,1.0,7.7
611,4ace271cf964a520bdce20e3,0.9438405375056494,1.0,6.7
612,4ad73549f964a520fd0821e3,0.964141440026838,1.0,6.6
613,5081881fe4b029049227a241,0.5442361185531704,1.0,6.9
614,4b2fb86ef964a52091ee24e3,0.9676918847643055,2.0,6.8
615,4c424d876c1a952116c8b96a,0.9782593502033817,2.0,6.7
616,4b2f868af964a5200dec24e3,0.9644023650994078,2.0,6.7
617,4ace17cdf964a5205fce20e3,0.9390646768023633,2.0,6.6
618,4ad4b280f964a520b5e820e3,0.9708672497099539,1.0,5.7
619,4ad5c7c6f964a520770321e3,0.9160776438465947,1.0,6.0
620,4ad5dbfdf964a520c50321e3,0.932860717264387,1.0,5.9
621,4ad718fbf964a520ad0821e3,0.9747857851747965,2.0,6.2
622,4b958124f964a52054a634e3,0.9682696474249957,1.0,6.3
623,4ace19d2f964a5206fce20e3,0.9546176748780408,1.0,5.7
624,4ae1bddcf964a520158721e3,0.9599689685538694,1.0,5.9
625,4b4745bcf964a520ea2d26e3,0.6858182563682026,1.0,6.1
626,4ad7a555f964a520350d21e3,0.9770362639257109,1.0,5.3
627,4ad61c70f964a520250521e3,0.11444127089147847,1.0,
628,4b06ca1ff964a52045f022e3,0.9311973199267546,1.0,6.0
629,4adc8293f964a520c62c21e3,0.9690244663849297,1.0,5.6
630,4c10f0436b7e2d7fb55e2835,0.9146076106252417,1.0,5.6
631,4c17674959cc2d7fda875287,0.9763769621798426,2.0,5.6
632,4b1ee494f964a520292124e3,0.9368514730618159,1.0,5.7
633,4baa3de8f964a520de563ae3,0.9710652732025291,1.0,5.8
634,5b22db924febd5002c67d271,0.8517875697159178,1.0,
635,4b0c0652f964a520d53523e3,0.9534807870618439,1.0,5.7
636,4ac5e142f964a52088b220e3,0.9118935239328864,1.0,5.1
637,522b73e011d286c02e818fbb,0.9343260911094441,1.0,8.3
638,519e7abb498efb78cce17407,0.9407047772585162,1.0,
639,4c87aaff821e9eb0f0cc8d89,0.9743617819318706,1.0,5.7
640,4cf7f5f7665854815498d198,0.9686843319153298,1.0,8.6
641,4afee0cbf964a520233122e3,0.9653621966163609,1.0,6.2
642,4afee29bf964a5203f3122e3,0.9485884419511604,1.0,6.0
643,4ada50bff964a520452121e3,0.45788389766145904,1.0,
644,4adba663f964a520c22921e3,0.9248628978524934,1.0,5.3
645,611a06ecee061a01b5c8c25b,0.9574785319237167,1.0,
646,4b13ef42f964a520a19a23e3,0.9844516613006183,2.0,8.9
647,4ac518c1f964a520dda320e3,0.8804683605052628,1.0,7.3
648,4be591b8bcef2d7fbbf103e5,0.9709744153647593,1.0,7.5
649,4e2de3091838f1c552b4efe9,0.8491643408613323,1.0,
650,4aeb5466f964a52003c121e3,0.9419861057398856,1.0,6.0
651,4aec9dcff964a5207cc921e3,0.7999939428108154,1.0,
652,4bae273cf964a520c98a3be3,0.9595496246872394,1.0,6.9
653,5ce966a1c03635002cd76fc4,0.9685981334538558,1.0,
654,550056df498e1557d9bc88bb,0.9063022723778195,1.0,
655,4edfccf2b6346b119e7fba1e,0.8920375918479553,1.0,
656,4fcd1096e4b06c8db47f0731,0.9144654996482171,1.0,
657,4b96a7bdf964a520d3db34e3,0.9604092796138309,1.0,5.8
658,4b2d0c04f964a52008cd24e3,0.9459838506017585,1.0,
659,4b2e6888f964a520a3df24e3,0.9846986082443004,2.0,9.1
660,4ac518dbf964a520eba820e3,0.9914220882392683,2.0,8.0
661,4b9ae558f964a520a7e035e3,0.9393885034549275,1.0,7.8
662,4b43bfa7f964a52057e825e3,0.9770828576886698,2.0,7.8
663,4ce7fbe3d99f721eac8cad73,0.9811668010120165,1.0,7.2
664,4b645d57f964a52084ad2ae3,0.9792075332795952,1.0,7.1
665,4ad0c5dcf964a520b4d920e3,0.957380685021503,1.0,6.8
666,4b5494c1f964a5200ac127e3,0.9494247999962725,1.0,6.6
667,4bae253ef964a520c1893be3,0.9267918796389916,1.0,6.4
668,4ba529bef964a52025e638e3,0.9899380768890277,1.0,6.3
669,4c015e0f716bc9b61eb8bb55,0.9287511473714128,,6.2
670,5055f06de4b0e5434d5d5b27,0.5143881540017053,1.0,
671,4ac518c0f964a5209ca320e3,0.8926386513901249,1.0,5.2
672,52b4858811d223ee108aa5c7,0.8527730278024983,1.0,6.9
673,4bb4ead40fb7b713bcacbf8a,0.9512419567516692,1.0,5.7
674,4fbd43dce4b0ef4a9ad9a5cc,0.9455249020366133,1.0,8.5
675,4b65d55ff964a520ca022be3,0.9589112901347026,3.0,8.5
676,55953999498e3c823cc91116,0.9506269190806119,1.0,9.4
677,4b5af3bdf964a520efdb28e3,0.9738329427222872,1.0,5.9
678,4be9f83b246fb7136ad8abdf,0.9470438587090731,1.0,5.6
679,54a59d05498ed89e2bcb6124,0.22732398041198204,1.0,
680,4c5d9f90857ca593f45fcdcb,0.9855186584723769,2.0,8.2
681,55953999498e3c823cc91116,0.9506269190806119,1.0,9.4
682,4ac518c6f964a52032a520e3,0.9873148480344421,2.0,8.2
683,4aec9093f964a520cbc821e3,0.3735794726517908,1.0,
684,4b5af3bdf964a520efdb28e3,0.9738329427222872,1.0,5.9
685,4be9f83b246fb7136ad8abdf,0.9470438587090731,1.0,5.6
686,54a59d05498ed89e2bcb6124,0.22732398041198204,1.0,
687,4bf7ff0f5ec320a15add87d3,0.8863950871536336,1.0,
688,4b2c184ff964a5207fc124e3,0.961499573667069,1.0,7.6
689,5b52238cad1789002caa3739,0.988370196765461,1.0,6.7
690,4b6b2e67f964a520f6f72be3,0.9347850396745891,1.0,6.7
691,4aece786f964a5201ecc21e3,0.542537775893319,1.0,
692,50c3e545e4b069afe38e4806,0.12887601865614268,1.0,
693,5aef5c0c012358002c4ea177,0.9901454191341947,1.0,7.9
694,4c8c0047cf3ea143bb46f151,0.9873567824211051,1.0,
695,4b7fe3a4f964a520ab4230e3,0.9381328015431855,1.0,
696,4bcc89e13740b713102d6465,0.9202058512447524,1.0,8.2
697,4c41f6bbd691c9b6c4908d0a,0.9780450188937709,2.0,6.6
698,4b9425edf964a5203c6b34e3,0.8820222624999418,1.0,7.0
699,4bc4abb074a9a593ff27d6f6,0.9711864169862222,2.0,6.8
700,4ae49bbef964a520469c21e3,0.9639597243512983,1.0,6.8
701,4bb9c73e53649c74a43948fb,0.9899473956416194,1.0,6.3
702,4ac518bdf964a520c5a220e3,0.9355142320648958,1.0,6.2
703,60789c8da8476a03b3b1424d,0.9683768130798012,1.0,
704,4b54f18ff964a52068d427e3,0.9612409782826471,1.0,5.2
705,4bcb06a868f976b0d0406083,0.11453911779369214,1.0,
706,4ac518bdf964a520c6a220e3,0.8647336467540455,1.0,
707,4bc768deaf07a59365217f2d,0.8766593203833735,1.0,
708,4ac518baf964a520dea120e3,0.9649148964919556,1.0,8.1
709,4ad0b80df964a5205ad920e3,0.9866415681596862,1.0,7.6
710,4b6dc93af964a520b88f2ce3,0.957296816248177,1.0,5.9
711,589128c79398ab2b1e513020,0.9610569329189594,1.0,8.4
712,4bb49739f038a5936a2cdaf0,0.9703617073818499,1.0,6.3
713,5349a45d11d209ad8f62d666,0.8577725385679873,1.0,
714,4ac518c7f964a52060a520e3,0.9713890998550934,1.0,8.1
715,4b00460bf964a520373c22e3,0.985301997474618,1.0,8.1
716,4b3a7478f964a520be6725e3,0.9781358767315407,1.0,7.0
717,4adb4baef964a520a82521e3,0.9130537086305627,1.0,7.0
718,4ee61a462da504839760f8a2,0.9872519464544476,1.0,6.6
719,4caf7c44c5e6a1cd0f30cdf6,0.9404718084437217,2.0,7.6
720,4ac518d1f964a520c8a620e3,0.9605490609027075,2.0,7.1
721,4b379252f964a5205d4225e3,0.9700937932448362,2.0,7.2
722,5225c44611d2397c9c3b6e50,0.955407439160194,1.0,7.4
723,4c8e8d931992a1cdf0b1defb,0.9248675572287893,1.0,6.0
724,5eb1be75fe7d7e0008407d58,0.9779495016797052,1.0,
725,4bf015fb3a002d7f92a485a4,0.9522087773330662,1.0,8.3
726,55a3f8f3498edb7211af6ebf,0.9726750877127588,1.0,7.6
727,4ace246df964a520a9ce20e3,0.9731223878371641,1.0,7.9
728,4ad3c191f964a52027e620e3,0.9659352999007553,1.0,7.9
729,4f356c80e4b093c6b4b27d9c,0.9642206494238681,1.0,7.4
730,4ae30b33f964a520199021e3,0.961835048760373,1.0,5.6
731,4bba30177421a593bb80c340,0.9739028333667256,2.0,6.1
732,4b181b1bf964a520fecc23e3,0.9869094822966997,1.0,5.4
733,4f2975e2e4b062eef179f606,0.9625362848929042,1.0,5.5
734,4b6edfe6f964a52075ce2ce3,0.5723764216921923,1.0,
735,4b6c8a81f964a520cb412ce3,0.5595118837392427,1.0,
736,4d658e067f84f04d486602b5,0.32774052865283454,1.0,
737,4e581316ae60dbf65b49685b,0.9458207724314023,2.0,8.5
738,4ad103b6f964a520f2db20e3,0.9719552140750439,1.0,8.0
739,4be990446295c9b6d05b8508,0.8661477674598478,1.0,6.9
740,4adba221f964a520942921e3,0.9542891888491807,1.0,6.3
741,4ac518c3f964a52043a420e3,0.9890388172639211,1.0,8.5
742,4ad20d0cf964a52010df20e3,0.9825180201378243,1.0,8.4
743,4acdba5cf964a520d8cc20e3,0.9216898625949931,2.0,7.5
744,5877d81176f2ca58273d8de9,0.9482809231156317,1.0,7.4
745,4ac518c3f964a52035a420e3,0.9832751687859064,2.0,7.5
746,4ad62398f964a5204c0521e3,0.9627040224395562,1.0,7.2
747,5a60e8bbbd40093d60dc5abb,0.9204201825543633,1.0,7.2
748,4ac518c0f964a52095a320e3,0.9233369521155899,1.0,7.1
749,4ad7563af964a5209e0921e3,0.9399755848682095,1.0,6.8
750,4bbe1f3cb42aef3b02724bc3,0.9938612717301663,1.0,6.5
751,4b841a82f964a520f02031e3,0.9479268105171442,1.0,6.6
752,4ba12e03f964a520739f37e3,0.9679504801487273,1.0,6.3
753,4bb4d383aaf4ef3bfe3b5156,0.9535716448996138,2.0,5.5
754,4ada5fc2f964a520ff2121e3,0.04269852437552709,1.0,6.0
755,5ca3889ff05ca8002dc294c3,0.8566216726229027,1.0,
756,4acdd211f964a52023cd20e3,0.896121535171302,1.0,5.9
757,4b182dd6f964a52069ce23e3,0.9629952334580493,1.0,5.6
758,4aeb22aaf964a520d5be21e3,0.8838207817501549,1.0,5.4
759,4acdd1a0f964a52021cd20e3,0.0889777794344449,1.0,
760,4c23904efbe5c9b60ca49b21,0.7537100283756016,1.0,
761,4b194142f964a520fcd923e3,0.9695929102930282,1.0,5.3
762,4c780417566db60c932e400e,0.950454522157664,1.0,7.1
763,4b659b1cf964a52028f62ae3,0.9628135177825097,2.0,8.5
764,4ba4f3b0f964a520aac738e3,0.9871377917351983,1.0,7.5
765,4c87ab30821e9eb020cd8d89,0.9844982550635772,1.0,6.4
766,4b1ee4aef964a5202a2124e3,0.938400715680199,1.0,6.4
767,4d8277e19b7ab1f7ec235441,0.8888412597089753,1.0,
768,4c9def8c8afca0935a63fb15,0.9646330042260542,1.0,5.6
769,4cbdddc14495721ea9e4617a,0.8688525353996114,1.0,
770,59f6041f1ffed71a14408cfd,0.9661053671355553,1.0,8.4
771,4c549f54fd2ea593b533612a,0.9864295665382232,2.0,8.3
772,4b65d55ff964a520ca022be3,0.9589112901347026,3.0,8.5
773,55953999498e3c823cc91116,0.9506269190806119,1.0,9.4
774,4fbd43dce4b0ef4a9ad9a5cc,0.9455249020366133,1.0,8.5
775,5228cabd11d2164a106f3cad,0.9683465271338778,1.0,8.1
776,50145489e4b034c3e02b525b,0.9389155767608948,1.0,
777,4b520317f964a5203f6127e3,0.9734135988556571,1.0,7.1
778,4c8548d2d8086dcb638f9052,0.9300557727342618,1.0,
779,4bbb82e4ed7776b014893e51,0.9572199365392948,1.0,
780,4ad3b332f964a520b9e520e3,0.9757526057561935,2.0,8.5
781,4c54a2bc479fc9287c0f7893,0.9768731857553548,1.0,8.6
782,4adf7396f964a520af7a21e3,0.9754963400599196,2.0,8.4
783,4cda69413f6a8cfa752ae4ea,0.8986841921340409,1.0,6.5
784,4cd06b889d87224bf314553b,0.9087857199435284,1.0,5.4
785,4b59e8faf964a52029a028e3,0.9330377735636308,1.0,
786,4ad3b393f964a520bde520e3,0.9254010558146687,1.0,
787,4b8995fef964a520fd4332e3,0.9656277810652266,1.0,
788,5841b6844988da2d6312d04c,0.9670116158251056,1.0,8.9
789,4ce30359fd6859418330da4e,0.9748393680021993,1.0,8.1
790,4ad8723af964a520721121e3,0.9422959542635623,1.0,9.0
791,50afbdbce4b0b7c94a7befbe,0.8820432296932733,1.0,8.0
792,4ac518b9f964a520bea120e3,0.9632351913372876,2.0,8.2
793,4b439995f964a5200ce425e3,0.9452499988351559,1.0,8.0
794,4ac518c5f964a520c4a420e3,0.9755918572739853,2.0,7.5
795,4b23ae02f964a520fd5724e3,0.9626248130425261,1.0,6.3
796,4c45e9e0f9652d7f3891132b,0.9509530754213241,2.0,6.1
797,5e96fc82e033e10008b2afd0,0.9857027038360645,1.0,
798,54f01eff498e26eb40481a4f,0.9022625931292837,1.0,
799,5c48fb9e121384002c7d0611,0.9535693152114658,1.0,6.3
800,50ca1380e4b008ce06379bfe,0.4048671844786857,1.0,
801,4cb3436e0cdc721e1a4b224f,0.944450915800411,1.0,
802,4b5c84e2f964a520013429e3,0.915392715531099,1.0,5.6
803,4ad8e3ddf964a520b61521e3,0.4240871116992279,1.0,
804,4d15141525cda1436bfc66d6,0.9422610089413431,1.0,
805,4b9bc2e7f964a5202c2236e3,0.9576485991585166,1.0,5.2
806,4ccb1efc566aa093cbcf18fd,0.9882164373476966,2.0,9.0
807,4add2c79f964a520726421e3,0.9398893864067356,1.0,7.4
808,4be06927652b0f47a8597211,0.9691642476738064,1.0,7.0
809,4b7744dbf964a520668d2ee3,0.9506781722198666,1.0,6.7
810,4d00048dba1da1cdcf4b8628,0.9154905624333127,1.0,6.9
811,4afb22faf964a520721b22e3,0.939032061168292,1.0,6.5
812,4ac518bef964a520eca220e3,0.9845332003857964,1.0,7.3
813,4b5b58d0f964a52080f628e3,0.9299136617572372,1.0,6.5
814,4b896c38f964a520d53432e3,0.9016405663937825,1.0,6.5
815,4ac518c3f964a52047a420e3,0.9752051290414265,2.0,8.5
816,4dc03e7c6a23e5a549e75316,0.9647098839349365,1.0,8.3
817,4b4613a0f964a520951526e3,0.9626970333751124,2.0,7.4
818,4b1a1fbaf964a520a7e723e3,0.9739820427637557,1.0,7.6
819,5bf84ef679f6c7002cc268f8,0.9568914505104347,1.0,5.9
820,4bdda1ac0ee3a59398fd2db0,0.3737262430051113,1.0,
821,4ba63f73f964a520ed3e39e3,0.5766444103792266,1.0,5.5
822,4b4a1978f964a5208b7a26e3,0.9544592560839806,1.0,7.5
823,5891b1d9cc5b6a7ca7058b26,0.9673843659287767,1.0,6.9
824,55214760498e1093805964cc,0.6255142786586587,1.0,
825,59d2c33b112c6c4d6b586f40,0.9126110678824533,,
826,4b0d9700f964a520ba4b23e3,0.15714911401959733,1.0,
827,4d03c6928620224b7204a540,0.9435609749278961,1.0,5.8
828,4c87888af554236a1068cd55,0.8659147986450534,1.0,
829,4f634969e4b0ce431bfee234,0.9976563337231679,3.0,7.5
830,4c17ab5df1c976b06a89a272,0.9842210221739718,2.0,7.5
831,4acf1fc1f964a52079d220e3,0.9752750196858648,1.0,7.8
832,5669fc32498e5448d5cb16a2,0.9844889363109854,1.0,7.2
833,4baa192ef964a5208d4a3ae3,0.9510322848183542,1.0,7.3
834,4cff51b16923721e82bfbe3b,0.9898751753090331,1.0,7.0
835,5bb3a29b3ba767002cacd8c9,0.9984344495645813,1.0,6.5
836,4ad05c9ff964a520e3d720e3,0.9232647317830035,1.0,6.2
837,4b75adbaf964a5205d1c2ee3,0.9616044096337264,1.0,6.5
838,4b57a91ef964a520493a28e3,0.9787812003485213,1.0,5.8
839,4b59ed63f964a52089a128e3,0.9662334999836922,1.0,6.3
840,4b914716f964a52061af33e3,0.9850620395953797,2.0,6.0
841,57ffbab2d67ced195728de13,0.1346909202734122,1.0,5.5
842,536261e7498ef98a8c25b22b,0.32538055455896675,1.0,
843,4c3a1a0d3849c928fa62c2b1,0.9280336034218459,1.0,5.0
844,4b6b3692f964a520f3f92be3,0.9572595412378099,1.0,5.1
845,4c87ab49821e9eb039cd8d89,0.99219088532809,1.0,5.7
846,4cf6644bc020b60caadb1f75,0.19540958247329013,1.0,
847,4c797b14df08a1cdcceada5d,0.08931325452774891,1.0,
848,4ac518bcf964a52088a220e3,0.9948071251182317,1.0,7.7
849,4b336e66f964a520611925e3,0.979932066293606,2.0,6.3
850,4ac518bef964a520fea220e3,0.8843263240782588,1.0,5.5
851,4b08f77ef964a5209e1323e3,0.978545901845579,1.0,8.0
852,4b0803f0f964a5204e0223e3,0.9894045783031483,1.0,7.6
853,4ba669abf964a520c04f39e3,0.8959072038616911,1.0,6.2
854,4b7b0c6df964a520734e2fe3,0.7745374404182256,1.0,
855,4adefb6cf964a520f77621e3,0.9771667264619958,1.0,7.4
856,4ad8b699f964a520e91321e3,0.9370075621677282,1.0,6.1
857,4c062ebd761ac9b6d5872074,0.9387711360957223,1.0,6.2
858,4ee61a462da504839760f8b3,0.9919928618355147,1.0,5.8
859,4b77e71cf964a5202dae2ee3,0.9760787620969057,1.0,7.5
860,53010a64498ef4e3a7f5f91a,0.9480968777519442,1.0,
861,4bcb3f54cc8cd13afbf1becf,0.9839135033384431,1.0,6.2
862,4cfe7603ee9cb60c94e79fad,0.9507690300576365,1.0,5.7
863,4bfedfa968c7a5935fd03f44,0.9436262061960387,1.0,
864,5a1715646dcf0423137a0cbe,0.8846781069885985,1.0,6.4
865,4bf41d086a31d13aa45d952e,0.9359195978026381,1.0,6.2
866,4df3da0b45dd4e2693423ac7,0.9652200856393364,1.0,
867,56902c06498ee136327a6816,0.8780711114010279,1.0,
868,4df902302271607ac919ce58,0.9813112416771891,2.0,8.6
869,591ef6e383e38034a32feae5,0.9714729686284194,1.0,8.2
870,4c87ab5c821e9eb04dcd8d89,0.9673633987354453,1.0,6.1
871,4b8ed5f3f964a520f53933e3,0.5213096574892485,1.0,
872,50d9b90de4b023bf9a6b7d82,0.2736335214168231,1.0,
873,4c4ca517f5afa5930a7d4dd6,0.9812064057105316,1.0,8.6
874,4c630457edd320a13859ae29,0.8950755051928749,1.0,
875,4c92651dae96a093d491ab46,0.8650761109117934,1.0,
876,4c534df606901b8ddba5d949,0.9187195102063638,1.0,
877,4b45dcabf964a5204e1126e3,0.971827081226907,1.0,8.0
878,4be6a1942468c928c98a0143,0.9205925794773112,1.0,6.3
879,4be1bc3e4283c9b6ad5054f8,0.9304634681601521,1.0,6.7
880,4bae69a7f964a52007af3be3,0.884573271021941,1.0,
881,4b50aae3f964a5206b2c27e3,0.9750094352369991,1.0,5.0
882,4aeae724f964a52087bc21e3,0.961706915912236,1.0,7.9
883,4ba3d87cf964a520e46538e3,0.9672469143280481,1.0,7.2
884,4ae5031df964a52001a021e3,0.9510066582487269,1.0,6.1
885,4fabfa98e4b0f1115f45a1cd,0.9890271688231813,2.0,8.8
886,5172c8ac498e0949bed12268,0.9545571029861942,2.0,8.0
887,4ac518c4f964a52078a420e3,0.938440320378714,1.0,7.3
888,4cd4632adfb4a1cd47dc525c,0.8710820469571943,1.0,
889,4aeda9e5f964a5200bce21e3,0.9872892214648147,2.0,8.4
890,4c2f78373896e21e24f8e390,0.9542938482254766,1.0,6.4
891,4b201092f964a520bf2c24e3,0.981858718391956,2.0,8.0
892,5b620b8bee7120002c8e38f5,0.9600971014020063,1.0,6.5
893,4c534b5f479fc9285c6a3a91,0.9636242492579943,1.0,6.8
894,4ad75c22f964a520ca0921e3,0.9107473173640976,1.0,6.5
895,4c7676cac219224bd93ea528,0.9906719286556301,1.0,6.3
896,4b7fedcbf964a520fe4430e3,0.9788231347351843,1.0,7.4
897,4b801f80f964a520375430e3,0.997691279045387,2.0,6.6
898,4b6c7629f964a520133c2ce3,0.9953732393381822,2.0,6.5
899,4ac518bef964a5201ea320e3,0.9686004631420038,1.0,6.6
900,4b6469e3f964a52040b12ae3,0.9392953159290097,1.0,6.3
901,4b7fe288f964a5209f4230e3,0.979806263133617,1.0,5.5
902,4cec1c042351236a69c6693d,0.7581224577278085,1.0,
903,4b8e4297f964a5202c1d33e3,0.9944017593804894,1.0,8.2
904,4df2585618386ecb4e2c1bb9,0.9705410933692415,1.0,8.1
905,4b2a2be5f964a520c1a524e3,0.9848546973502127,1.0,8.0
906,4b048889f964a520f45422e3,0.9870143182633573,1.0,7.7
907,4ad20635f964a520e5de20e3,0.9598478247701763,1.0,7.5
908,4b648f68f964a520babd2ae3,0.9560830487230979,1.0,7.6
909,5362a193498ead903dc3600d,0.9543101560425121,1.0,7.1
910,4b309b42f964a52069fa24e3,0.9938799092353497,1.0,6.7
911,4ba3cc12f964a520736038e3,0.9722837001039041,1.0,6.8
912,4ac518bcf964a5207ea220e3,0.8984349155022109,1.0,6.6
913,4afb00bbf964a5203c1a22e3,0.9732179050512298,1.0,6.1
914,51d893af498eb59dd4a819da,0.04062743161200442,1.0,
915,4bae7b0af964a520c0b73be3,0.9759226729909934,1.0,6.0
916,4ae1e1d2f964a520518821e3,0.851908713499611,1.0,6.2
917,4b38bd2ff964a520e84f25e3,0.9340488582198387,1.0,5.8
918,4b76e7edf964a52021692ee3,0.920096355901799,2.0,5.4
919,4bdc684bfed22d7fad0458c9,0.938191043746884,1.0,5.2
920,4af5ebc6f964a520d7fe21e3,0.9690477632664092,1.0,8.2
921,4b9ae558f964a520a7e035e3,0.9393885034549275,1.0,7.8
922,4bd20cd49854d13affd4fa4d,0.981355505752,2.0,7.5
923,4c015e0f716bc9b61eb8bb55,0.9287511473714128,,6.2
924,50e1e43de4b0748c839dbf21,0.9794102161484664,1.0,8.9
925,5769a02538faed0583028f43,0.9775674328234423,1.0,7.5
926,4ad9e432f964a520a31b21e3,0.9314279590534011,1.0,7.5
927,4b5c4106f964a520c42829e3,0.9410053070296011,1.0,6.4
928,4b2abdd8f964a520adae24e3,0.9335922393428415,1.0,6.3
929,4af87765f964a520860d22e3,0.9818726965208437,1.0,6.2
930,4ad71ff0f964a520bd0821e3,0.9464404694787556,1.0,6.2
931,4ad8db44f964a520561521e3,0.9468202086468706,1.0,6.2
932,4b0e8c76f964a520615823e3,0.9871424511114942,1.0,5.9
933,4e63f17c1838ad3d0f75787c,0.6616407527688344,1.0,
934,4ac518c2f964a52018a420e3,0.2073608826722455,1.0,
935,4dbc296ea86e0e98a1dbbbec,0.690799129628508,1.0,
936,4b1d6138f964a520b10f24e3,0.9515820912212691,1.0,5.0
937,4bb770642ea1952117ecac2f,0.9295246038365305,1.0,7.6
938,523ef469498e14f05e2e73b4,0.26568462545603644,1.0,
939,561eb361498ead0189d03133,0.966785636074755,1.0,8.1
940,4b9bb0d2f964a520881a36e3,0.9145377199808034,1.0,7.0
941,611a06ecee061a01b5c8c25b,0.9574785319237167,1.0,
942,4c2e5364a0ced13a88a40e6e,0.9703477292529622,1.0,8.8
943,4c5741066201e21e0d1b766e,0.9043197077639187,1.0,6.9
944,4ac518c6f964a52012a520e3,0.9676219941198672,1.0,6.0
945,4e74ffbd8998ed82a4542098,0.7206401051155292,1.0,
946,4b6c6a47f964a52044382ce3,0.955619440781657,1.0,5.8
947,5c7c407e65211f002c3a671e,0.09688940038486449,1.0,
948,4c6bd919599fbe9a3c7e933f,0.9164620423910056,1.0,
949,4d8cf48bcb9b224be04e6141,0.8921657246960922,1.0,
950,5c275f85e679bc002ca7f0bc,0.9653505481756212,1.0,
951,4c31762da0ced13a03bf136e,0.9378765358469116,1.0,
952,4ac518bbf964a52034a220e3,0.8770879830025953,1.0,7.1
953,4ef8c8a32c5b044501f60d6e,0.9496950438214341,1.0,
954,4fb7a7fce4b066c0609ed9ee,0.9024443088048234,1.0,
955,4b5a1ee3f964a5208eae28e3,0.11005446810889895,1.0,
956,4b254576f964a520156f24e3,0.9601809701753323,1.0,8.0
957,4b50c896f964a520543227e3,0.9368607918144077,1.0,6.9
958,57f9448d498e90b31bf607bd,0.9267872202626957,1.0,
959,4f47a1b17716af84c1f6a27d,0.07783255133467834,1.0,
960,4b7308cbf964a5202f972de3,0.9830631671644434,1.0,6.8
961,4dc43859fa76d685cdc14adc,0.953646194920348,1.0,
962,4b3f6e05f964a520bea625e3,0.9742732537822487,2.0,7.6
963,4ca38fddb0ff8cfa336eb85e,0.932651045331072,1.0,6.4
964,4bcf48860ffdce72bc58b2c0,0.7873926596185834,1.0,
965,4d5fd5bb338bb60c67af20bd,0.5643506460225234,1.0,6.2
966,5da620a08cf2d900073e51df,0.9089534574901804,1.0,
967,4d0f9a809302a35dbe14766e,0.9770176264205274,1.0,
968,4bad1931f964a520552d3be3,0.9713261982750989,1.0,5.2
969,4ac518c7f964a52062a520e3,0.9681950974042615,1.0,8.1
970,4ac518bef964a520eaa220e3,0.9782640095796776,2.0,7.6
971,4ac518bef964a52018a320e3,0.9500747829895491,1.0,7.3
972,4c780417566db60c932e400e,0.950454522157664,1.0,7.1
973,4adb4034f964a5203b2521e3,0.9707461059262608,1.0,6.2
974,4fa7d12de4b017a5e1a4a78b,0.25620978375834613,1.0,
975,4dfe102ce4cdbe059c3e69f5,0.971281934200288,1.0,8.6
976,4ef6381b30f894d8678141bf,0.9870865385959435,1.0,7.9
977,57f540f1498e052d698d84c4,0.9740169880859748,1.0,8.0
978,4ae39a3ef964a5202e9721e3,0.9650104137060214,1.0,7.8
979,5013145ee4b0befd12bc7165,0.9646190260971667,1.0,
980,5362a57d498ef1db244286b0,0.908212616659134,1.0,
981,50e83ec8e4b07c15b77a807c,0.8614650942824793,1.0,
982,4e072c1d8877394591e45bd6,0.9523066242352799,1.0,6.0
983,4b53309bf964a520ab9127e3,0.9663732812725688,1.0,5.9
984,4bd9bb15cc5b9521c55bf24f,0.9493549093518342,1.0,
985,4bf975ef4a67c928dde426cf,0.9288885989721416,1.0,7.6
986,4f6b7fd9e4b082bd4baf0b55,0.9811085588083179,2.0,7.7
987,4ac518c4f964a5207da420e3,0.9863317196360095,1.0,7.8
988,4e8f71adb8f79f71de1648af,0.9215430922416725,1.0,6.0
989,4ba13cc4f964a520c6a437e3,0.8569222023939875,1.0,
990,4ace02b8f964a520decd20e3,0.9870609120263162,1.0,7.3
991,4bd31b65caff9521a4fed3f0,0.9712167029321455,1.0,8.1
992,4b92e328f964a520812434e3,0.9467409992498405,1.0,7.7
993,4bcdf67ecc8cd13ad679c3cf,0.9856933850834727,1.0,7.8
994,4aef3425f964a5208bd621e3,0.9823572716556161,1.0,7.0
995,4b54a325f964a52017c427e3,0.9780589970226585,2.0,6.4
996,4b8ffdbbf964a520986e33e3,0.9627692537076987,1.0,7.0
997,4bb7695f6edc76b05522321c,0.9541191216143807,1.0,6.4
998,4bae1a7df964a52088843be3,0.962335931712181,1.0,6.8
999,4ba5114ff964a52070d838e3,0.9697955931618993,2.0,5.9
1000,58c93212460dd9341d2ccf94,0.23240503026264905,1.0,
1001,507b3386e4b0ce42c75e7f3d,0.8708234515727725,1.0,
1002,4b129884f964a520298b23e3,0.2422200064299393,1.0,5.7
1003,4b7acdf3f964a520aa3d2fe3,0.8973259839437893,1.0,4.9
1004,5da1b9c888d69c000865635e,0.4490986436555603,1.0,
1005,4cd5e7ee94848cfabebce9b1,0.916650747130989,1.0,5.7
1006,4b13ef42f964a520a19a23e3,0.9844516613006183,2.0,8.9
1007,4be591b8bcef2d7fbbf103e5,0.9709744153647593,1.0,7.5
1008,4ac518c1f964a520dda320e3,0.8804683605052628,1.0,7.3
1009,4aeb5466f964a52003c121e3,0.9419861057398856,1.0,6.0
1010,4aec9dcff964a5207cc921e3,0.7999939428108154,1.0,
1011,4e2de3091838f1c552b4efe9,0.8491643408613323,1.0,
1012,59207fff8c812a73019ff87b,0.9780030845071079,1.0,7.5
1013,4c87abb8821e9eb09ccd8d89,0.9407234147636997,1.0,6.7
1014,56b65b26498e4ff51ec1fb2d,0.9482716043630399,1.0,6.3
1015,52fcd0ee498e9f107191ab7a,0.9273370266656106,1.0,
1016,4d4daee79ee13704f1f6868b,0.9640901868875832,1.0,8.3
1017,510ed49ce4b09bd902520ea5,0.9656906826452211,1.0,8.4
1018,4b7d9da2f964a52007ca2fe3,0.975142227461432,1.0,6.5
1019,51c34bd2498e60001a65bc3a,0.8521463416907012,1.0,
1020,4ce81b4a0f196dcb071d43ae,0.9286556301573471,1.0,
1021,5363e078498edd00c571a622,0.9823549419674682,1.0,9.0
1022,4c4cbea0172b76b0fabe07d1,0.9705061480470224,2.0,8.3
1023,4acf1fc1f964a52079d220e3,0.9752750196858648,1.0,7.8
1024,5b5218ee835c9a00390ed6f2,0.9665247110021853,1.0,7.7
1025,4e31db1fa809189f7a22b81a,0.969140950792327,1.0,7.2
1026,5669fc32498e5448d5cb16a2,0.9844889363109854,1.0,7.2
1027,52f51ceb498eafff7e3061b7,0.24025607932122206,1.0,6.8
1028,4b6de492f964a52077992ce3,0.9586293978688013,2.0,6.7
1029,4c5dbb137735c9b67cf38f72,0.2765293237847182,1.0,
1030,4b57a91ef964a520493a28e3,0.9787812003485213,1.0,5.8
1031,608c380133f13821129d809e,0.9302468071623933,1.0,
1032,51783718e4b01ba111d476f6,0.07854543590794937,1.0,
1033,55db3cd1498e500ec06650ee,0.836663234259462,1.0,
1034,4b6b3692f964a520f3f92be3,0.9572595412378099,1.0,5.1
1035,57ffbab2d67ced195728de13,0.1346909202734122,1.0,5.5
1036,4c612e1ddb219c74e3c66473,0.96120370327228,1.0,7.4
1037,4bb198a7f964a5204d9b3ce3,0.9624500864314303,1.0,7.3
1038,4ac518bbf964a5203ca220e3,0.9909934256200466,1.0,6.5
1039,4b54b837f964a520d2c827e3,0.8939246392477903,1.0,6.4
1040,4ace0aa4f964a5200bce20e3,0.9063302286355949,1.0,5.8
1041,4d96228761a3a1cdaf8c9442,0.7921359046877985,1.0,
1042,4ac518c2f964a52018a420e3,0.2073608826722455,1.0,
1043,4dbc296ea86e0e98a1dbbbec,0.690799129628508,1.0,
1044,4e63f17c1838ad3d0f75787c,0.6616407527688344,1.0,
1045,4b928d41f964a5208a0334e3,0.9674193112509959,1.0,7.8
1046,4f2ad66ee4b09f4f37c73e4e,0.9023371431500179,1.0,
1047,4b9293cdf964a5200c0634e3,0.8925850685627222,1.0,
1048,4f6cdee9e4b0541c60e608d9,0.35806840896277625,1.0,
1049,4aecb4f2f964a52072ca21e3,0.9125085616039437,1.0,
1050,4ed91eca7ee506bd2a443684,0.45471785146840243,1.0,
1051,4c0ccfacb1b676b06d8ddf86,0.9351508007138164,1.0,
1052,4b2abd58f964a520a2ae24e3,0.8512377633130029,1.0,
1053,4ac518bdf964a520a3a220e3,0.9802722007632059,1.0,7.2
1054,4b229c17f964a5201f4a24e3,0.9493875249859054,2.0,7.6
1055,4ac518bdf964a520a8a220e3,0.9525465821145181,2.0,7.3
1056,4b61dc68f964a520b5272ae3,0.9611571095093211,1.0,7.6
1057,4bf7d1154a67c9280d2e24cf,0.9746995867133226,1.0,7.3
1058,4beab9ad415e20a16656e5bb,0.9841557909058294,1.0,6.3
1059,4b59f0d0f964a52086a228e3,0.9671910018124974,1.0,5.1
1060,4ac518bdf964a520e1a220e3,0.2973008233117915,1.0,
1061,5a2c52ac95d986072896500b,0.993111112146528,1.0,9.0
1062,4bd497266f6495219cae6dec,0.9287488176832649,1.0,
1063,4c4ca517f5afa5930a7d4dd6,0.9812064057105316,1.0,8.6
1064,4c92651dae96a093d491ab46,0.8650761109117934,1.0,
1065,4c534df606901b8ddba5d949,0.9187195102063638,1.0,
1066,4c630457edd320a13859ae29,0.8950755051928749,1.0,
1067,4e429095d22d38bfd464612c,0.931770423211149,1.0,6.5
1068,4b618f82f964a520a3172ae3,0.8886968190438028,1.0,6.1
1069,4af58c80f964a520ccf921e3,0.9504708299746996,1.0,5.3
1070,507c2b69e4b07018b7ea0833,0.9507527222406009,1.0,7.3
1071,4e8d00d230f82b1224db132a,0.9210165827202371,1.0,
1072,4aff2919f964a520263522e3,0.9671560564902782,1.0,8.9
1073,4bd1d4da9854d13aa64efa4d,0.9504219065235927,1.0,7.6
1074,4b969756f964a52001d734e3,0.9164340861332302,1.0,6.2
1075,548ed92f498e88452cc8a03e,0.7813774048205907,1.0,
1076,4c029e24f423a593fc04cf16,0.11881642523331827,1.0,
1077,5b75a13be0c0c9002c85fd45,0.9922840728540078,1.0,8.8
1078,4bd824df5cf276b0ce859c00,0.9833823344407118,1.0,5.9
1079,4e469b1ac65bd6ffbe93671e,0.259993197310608,1.0,
1080,4af2be6df964a5205ae821e3,0.9773111671271684,2.0,8.0
1081,52d2ca1311d2ad382c85c549,0.9675754003569083,1.0,8.2
1082,4c056af8761ac9b6cb7e1f74,0.964642322978646,1.0,8.2
1083,4ac518c4f964a52094a420e3,0.9611105157463622,1.0,4.8
1084,4ac518c3f964a52044a420e3,0.975475372866588,1.0,7.6
1085,4d6973c31a88b1f763832b5d,0.9498627813680861,1.0,
1086,5581cacd498e0d1cd958c82a,0.8894353301867012,1.0,
1087,4ad0a83ff964a520efd820e3,0.9854953615908975,2.0,7.7
1088,5345c9ef498efe4f11634433,0.958557177536215,2.0,6.7
1089,4b1aa781f964a52078ee23e3,0.9715265514558221,2.0,6.3
1090,4bd5d18e7b1876b0e26b8b86,0.9132284352416585,1.0,5.7
1091,4bc1bee074a9a5931531d2f6,0.9926311963880515,1.0,5.1
1092,616885be5c4b4665eb2d08e5,0.9242501898695841,1.0,
1093,5d5821507180720008bb4f3e,0.977746818810834,1.0,
1094,4c0822bdbbc676b0241146d5,0.8765603328710125,1.0,
1095,4e3b09c42271d21e86d6643a,0.9583911234396671,1.0,
1096,57079e57498e59fb6567f3d9,0.984743411927878,1.0,
1097,4e8f3a2fb63456ab94f00585,0.7522935779816514,1.0,
1098,4c54a2bc479fc9287c0f7893,0.9768731857553548,1.0,8.6
1099,4ad3b332f964a520b9e520e3,0.9757526057561935,2.0,8.5
1100,4acdd5d4f964a5202fcd20e3,0.9303027196779439,1.0,8.0
1101,4ad78c64f964a5200f0c21e3,0.9880976232521514,2.0,7.8
1102,4ac518c6f964a52013a520e3,0.9904575973460192,2.0,7.3
1103,4ad36929f964a5203ee420e3,0.957045209928199,2.0,6.9
1104,5947c51bc21cb15461955130,0.9463682491461693,1.0,7.4
1105,52ff8e94498e1e64e5d9bfc0,0.9597732747494421,1.0,6.5
1106,4ad478bbf964a520f5e720e3,0.9581145367881055,3.0,6.3
1107,4ad64328f964a5202e0621e3,0.9567307020282265,2.0,6.3
1108,58ce591801f4330cc3584db9,0.938403045368347,1.0,5.4
1109,4b75c2b2f964a520bf222ee3,0.6396508263403861,1.0,5.9
1110,4ace3a10f964a52035cf20e3,0.9393954925193714,2.0,6.0
1111,5d0d38a0348eba0023d107ef,0.4617441909226031,1.0,
1112,4b50dafef964a5207c3527e3,0.6353758485889079,1.0,
1113,4acd5bcdf964a520f8cb20e3,0.9687402444308805,2.0,5.9
1114,4ad3b393f964a520bde520e3,0.9254010558146687,1.0,
1115,528f9eb511d209b40bdcb71b,0.954440618578797,1.0,7.9
1116,4aff0674f964a520243322e3,0.971365802973614,2.0,7.3
1117,4b6497ddf964a52064c02ae3,0.9487561794978124,1.0,6.3
1118,4adcb6b2f964a520022f21e3,0.9688986632249407,,7.8
1119,4ad785bbf964a520bf0b21e3,0.9901361003816029,2.0,8.1
1120,4ac518d7f964a52057a820e3,0.9856491210086618,1.0,7.9
1121,4adf266af964a520df7721e3,0.9889060250394882,2.0,8.3
1122,4b2a956af964a520ceab24e3,0.9888990359750444,1.0,7.9
1123,4ac518bef964a52020a320e3,0.9794451614706855,2.0,7.5
1124,4ace44acf964a52080cf20e3,0.9782407126981982,1.0,7.1
1125,4ac518c3f964a5203ba420e3,0.9780659860871024,2.0,7.1
1126,4ad26ce6f964a52091e120e3,0.9953825580907739,2.0,7.4
1127,4ac518c3f964a52045a420e3,0.9896002721075757,3.0,7.4
1128,4b06fce5f964a520d4f422e3,0.956036454960139,1.0,7.1
1129,4ad204d6f964a520dfde20e3,0.9743291662977994,2.0,6.9
1130,4ae216c5f964a520978a21e3,0.9782220751930146,2.0,7.0
1131,4ad4bf4af964a52007e920e3,0.9828069014681695,1.0,6.7
1132,4ad771e0f964a5208f0a21e3,0.981693310533452,2.0,6.7
1133,4ac518bcf964a52086a220e3,0.9709953825580908,1.0,7.0
1134,4b535517f964a520b79727e3,0.9864435446671108,1.0,6.5
1135,4ac518bef964a520fca220e3,0.9906136864519316,1.0,6.8
1136,4b7daaeff964a52075cd2fe3,0.989253148573532,1.0,6.6
1137,4b0449c6f964a520e85222e3,0.9941152077382922,1.0,6.5
1138,4ac518c3f964a5203aa420e3,0.9791399723233049,1.0,5.9
1139,4b2cdda1f964a52011ca24e3,0.9711468122877072,1.0,6.5
1140,4ac518bef964a52021a320e3,0.9912846366385396,1.0,6.6
1141,4be6b69fcf200f4787c8143c,0.988957278178743,1.0,6.6
1142,4b6a083af964a52000c32be3,0.9611501204448772,1.0,6.5
1143,4ac518c6f964a52035a520e3,0.9874849152692421,1.0,6.5
1144,4ac518c3f964a52042a420e3,0.9867720306959711,1.0,6.4
1145,4ace3996f964a5202fcf20e3,0.9570289021111634,1.0,6.3
1146,4ac5e10af964a52087b220e3,0.965860749880021,2.0,6.4
1147,4ad23218f964a520fedf20e3,0.9644116838519996,2.0,6.2
1148,4af33009f964a5208deb21e3,0.9791143457536774,2.0,6.3
1149,4b059d96f964a520d4df22e3,0.9722068203950219,2.0,6.1
1150,4c13a64a82a3c9b680c4fbf8,0.19924191947665884,1.0,
1151,4ac518c3f964a52039a420e3,0.9469040774201966,2.0,6.0
1152,4acf9f24f964a52004d520e3,0.9768778451316507,1.0,6.3
1153,4b0ac68af964a520a42723e3,0.9804026632994908,1.0,6.1
1154,4b3cd581f964a520f68725e3,0.9846683222983771,1.0,6.1
1155,4b3fb763f964a52011ad25e3,0.984589112901347,1.0,6.2
1156,4dc5b57fae608779d142e67e,0.8932676671900699,1.0,
1157,4ad0adb6f964a52007d920e3,0.9758178370243359,1.0,6.2
1158,4b5a4261f964a5202db828e3,0.9700471994818773,2.0,5.9
1159,4b2a77acf964a520bca924e3,0.955617111093509,1.0,5.8
1160,4aded2f9f964a520c57621e3,0.9501353548813956,2.0,5.2
1161,4cc5c83c914137045f9dcb55,0.7962058698822576,1.0,
1162,4c0fbb3cc6cf76b0c1bf8251,0.9805773899105865,1.0,5.9
1163,4b3b5bf3f964a520e37225e3,0.8897661459037093,1.0,5.9
1164,4ac518bcf964a5208ea220e3,0.9602135858094035,1.0,5.8
1165,4c5c830d85a1e21e60df5611,0.5555351060707013,1.0,
1166,60c7cc4d19acd74a1f7d9546,0.903259699656604,1.0,
1167,6223f1a5e48f074131d400ce,0.5169391625237045,1.0,
1168,4ceaf36df3bda143cfdac8e4,0.5642131944217947,1.0,
1169,4ad8a741f964a5204c1321e3,0.9218040173142423,1.0,5.4
1170,5086e231e4b0d0486617fa89,0.8548580986949087,1.0,5.6
1171,4b50ca67f964a520b03227e3,0.9786157924900173,1.0,5.8
1172,4c672b067abde21ee5d66568,0.38656981376472943,1.0,
1173,4cd9a1305e1b721e594b40d9,0.5345772314917925,1.0,
1174,4bbe588c1e3cc9b6bafe0217,0.4704781917892471,1.0,
1175,58cfb4e315fb433bd09275c4,0.11354900033081572,1.0,
1176,5e3f17362598080008bef026,0.9782570205152338,1.0,
1177,4ac518c1f964a520e9a320e3,0.3862040527255022,2.0,5.1
1178,574ae2e6cd1031dbbbb76b43,0.9443623876507891,,8.0
1179,4ba52a82f964a52096e638e3,0.9729709581075477,1.0,8.1
1180,59d926aba5a315242b172e30,0.9404764678200176,1.0,7.9
1181,4c196be595e89521e00757e7,0.9727030439705341,1.0,7.6
1182,4ad6373ff964a520c90521e3,0.9659585967822347,1.0,7.7
1183,4b48f1d7f964a520b45e26e3,0.956709734834895,3.0,6.6
1184,4ad633f4f964a520b70521e3,0.5044147590403548,1.0,5.6
1185,4fc7dd3fe4b0efc1d4eddf98,0.943733371850844,1.0,7.4
1186,4b081d83f964a520160423e3,0.9118026660951165,1.0,6.8
1187,4ac518bdf964a520cba220e3,0.9761276855480125,1.0,5.5
1188,4ac518bdf964a520cca220e3,0.9734368957371367,1.0,5.7
1189,4bf80ae5508c0f4787333e31,0.9361432478648408,1.0,5.4
1190,5d9a1c4274a03a0008ce7c3f,0.9848500379739168,1.0,
1191,57f11c50498ed51b008031e2,0.9688334319567983,1.0,7.4
1192,4bb10d27f964a5200b763ce3,0.8702829639224493,1.0,
1193,4de51b22b3ad5eaa5aaf7616,0.9191202165678102,1.0,
1194,4cb87598c7228cfa035908ce,0.8086440749041334,1.0,
1195,4d4da27713d88cfaf5a70bda,0.8573811509591326,1.0,6.2
1196,4c62c031edb29c744e502da7,0.9859915851664096,1.0,
1197,4b1a862af964a520a0eb23e3,0.9737024801860023,1.0,5.8
1198,567c1651498e759f8681c1e7,0.8610410910395534,1.0,7.4
1199,4ba5347df964a5209eeb38e3,0.9545617623624901,1.0,7.5
1200,4e46c47ca809fb2fa3efc0b2,0.5095004682673178,1.0,
1201,4bc21e69920eb7139dad1b2c,0.9272834438382078,1.0,5.8
1202,4ac518c3f964a52034a420e3,0.9897447127727482,2.0,8.0
1203,539db859498eb12d43cf35e8,0.9871913745626011,2.0,8.8
1204,4ad46036f964a520afe720e3,0.9596171856435297,1.0,8.5
1205,4c9ca3fc7c096dcb7229c3d1,0.9611338126278416,1.0,8.0
1206,4ad21558f964a5204edf20e3,0.9820450934437917,2.0,7.9
1207,5cdd51073d4791002e65b8bb,0.9814696604712493,1.0,7.7
1208,4acf9957f964a520d7d420e3,0.9769640435931246,1.0,7.2
1209,4b7d83dff964a520b0c32fe3,0.9451498222447943,1.0,6.3
1210,4b9d3791f964a520579a36e3,0.9773973655886423,1.0,5.9
1211,4bfd4dc88992a5930ee5abb0,0.9670395720828809,2.0,6.2
1212,4b5f70caf964a5207fba29e3,0.9758411339058154,1.0,5.5
1213,56101dfb498e0b4b43d0a63a,0.9772599139879136,1.0,5.4
1214,4b215793f964a520603a24e3,0.9885985062039595,1.0,6.0
1215,4b6df324f964a5204e9e2ce3,0.2634411357695659,1.0,6.0
1216,4ad36684f964a5202ce420e3,0.9978776540972225,1.0,6.0
1217,4ae8c18df964a52002b221e3,0.9878460169321734,1.0,5.8
1218,4b3caee6f964a520278625e3,0.9403716318533601,1.0,5.5
1219,4b574d93f964a520453028e3,0.8780827598417675,1.0,5.0
1220,4f5b3578e4b03a6a1133b76d,0.8646590967333113,1.0,4.8
1221,4ae322d7f964a520d09021e3,0.9333010283243485,1.0,7.9
1222,4adf266af964a520df7721e3,0.9889060250394882,2.0,8.3
1223,4c3883a63849c928ae8dbfb1,0.9518080709716198,1.0,7.4
1224,56d9a3d2498e714bdddd8d65,0.9677012035168973,1.0,7.5
1225,4b2a956af964a520ceab24e3,0.9888990359750444,1.0,7.9
1226,4b648f68f964a520babd2ae3,0.9560830487230979,1.0,7.6
1227,4ad26ce6f964a52091e120e3,0.9953825580907739,2.0,7.4
1228,4bad0ecbf964a52040293be3,0.9536997777477507,1.0,6.6
1229,4ac518bcf964a52086a220e3,0.9709953825580908,1.0,7.0
1230,4ba3cc12f964a520736038e3,0.9722837001039041,1.0,6.8
1231,4b395cfff964a5205a5b25e3,0.9877132247077406,1.0,6.6
1232,4b6a083af964a52000c32be3,0.9611501204448772,1.0,6.5
1233,4b535517f964a520b79727e3,0.9864435446671108,1.0,6.5
1234,4ad0adb6f964a52007d920e3,0.9758178370243359,1.0,6.2
1235,4ace3996f964a5202fcf20e3,0.9570289021111634,1.0,6.3
1236,4b3fb763f964a52011ad25e3,0.984589112901347,1.0,6.2
1237,4b0ac68af964a520a42723e3,0.9804026632994908,1.0,6.1
1238,4acf9f24f964a52004d520e3,0.9768778451316507,1.0,6.3
1239,5d8cf68f2a74600007c6f72f,0.9276142595552159,1.0,
1240,4c0fbb3cc6cf76b0c1bf8251,0.9805773899105865,1.0,5.9
1241,55ef1912498e5d9d01e4e66f,0.9827230326948435,1.0,5.8
1242,4b0196b8f964a520aa4322e3,0.9690617413952968,1.0,5.8
1243,58cfb4e315fb433bd09275c4,0.11354900033081572,1.0,
1244,4b2a77acf964a520bca924e3,0.955617111093509,1.0,5.8
1245,4f99b31ae4b0554865bb9cfb,0.6829364321291952,1.0,
1246,4bbe588c1e3cc9b6bafe0217,0.4704781917892471,1.0,
1247,4c672b067abde21ee5d66568,0.38656981376472943,1.0,
1248,4ac518c1f964a520e9a320e3,0.3862040527255022,2.0,5.1
1249,4ad785bbf964a520bf0b21e3,0.9901361003816029,2.0,8.1
1250,4adcb6b2f964a520022f21e3,0.9688986632249407,,7.8
1251,4ac518d7f964a52057a820e3,0.9856491210086618,1.0,7.9
1252,4ac518bef964a52020a320e3,0.9794451614706855,2.0,7.5
1253,4b0c2752f964a520f83723e3,0.9882094482832529,1.0,7.4
1254,4ae216c5f964a520978a21e3,0.9782220751930146,2.0,7.0
1255,4ac518bcf964a52097a220e3,0.9759436401843249,1.0,7.0
1256,4b38d411f964a520d85025e3,0.9875781027951598,1.0,7.2
1257,4afb51dff964a520e41c22e3,0.9944530125197442,1.0,7.2
1258,4ac518c5f964a520c0a420e3,0.9603813233560555,1.0,7.1
1259,508c12fae4b0772b58a73128,0.9804259601809702,,7.1
1260,4ac518bef964a52021a320e3,0.9912846366385396,1.0,6.6
1261,4ace44acf964a52080cf20e3,0.9782407126981982,1.0,7.1
1262,4aec421af964a520b5c521e3,0.9665503375718126,1.0,6.9
1263,4b7daaeff964a52075cd2fe3,0.989253148573532,1.0,6.6
1264,4be6b69fcf200f4787c8143c,0.988957278178743,1.0,6.6
1265,4b59ea79f964a5209fa028e3,0.9498022094762395,2.0,6.6
1266,4b1d3fb8f964a5209c0d24e3,0.9773624202664232,1.0,6.6
1267,4ad771e0f964a5208f0a21e3,0.981693310533452,2.0,6.7
1268,4acdb102f964a520b1cc20e3,0.96514786530675,1.0,6.5
1269,4ac518c6f964a52035a520e3,0.9874849152692421,1.0,6.5
1270,4ad4bf4af964a52007e920e3,0.9828069014681695,1.0,6.7
1271,4ad9cbdbf964a520ee1a21e3,0.9864761603011821,2.0,6.5
1272,4b674815f964a520a3452be3,0.9648030714608542,1.0,6.6
1273,4af33009f964a5208deb21e3,0.9791143457536774,2.0,6.3
1274,4ad8c1c7f964a520651421e3,0.9896491955586825,1.0,6.3
1275,4ac518bef964a5201fa320e3,0.9854441084516427,1.0,6.1
1276,4acf1a14f964a5206ad220e3,0.9701333979433513,1.0,6.5
1277,4ac5e10af964a52087b220e3,0.965860749880021,2.0,6.4
1278,4b632853f964a52026672ae3,0.9671700346191658,1.0,6.0
1279,4aedb71ff964a5204ece21e3,0.9711794279217784,1.0,6.2
1280,4ac518bbf964a52032a220e3,0.9714706389402714,2.0,5.3
1281,4cd9a1305e1b721e594b40d9,0.5345772314917925,1.0,
1282,4ad8b72ef964a520ee1321e3,0.9180252631382763,1.0,6.1
1283,4b38e0aaf964a520835125e3,0.9202035215566045,1.0,6.0
1284,4b3cd581f964a520f68725e3,0.9846683222983771,1.0,6.1
1285,5e3f17362598080008bef026,0.9782570205152338,1.0,
1286,4ad8a741f964a5204c1321e3,0.9218040173142423,1.0,5.4
1287,4b3ba489f964a520cf7725e3,0.9959929363855354,1.0,5.9
1288,4bedbab94daaa593af218f61,0.06824588460588665,1.0,
1289,4ac518c3f964a5203aa420e3,0.9791399723233049,1.0,5.9
1290,4beebce7d355a593473b0b60,0.08515942055996384,1.0,
1291,4c5c830d85a1e21e60df5611,0.5555351060707013,1.0,
1292,4cc5c83c914137045f9dcb55,0.7962058698822576,1.0,
1293,4b2e9f75f964a520c7e324e3,0.9787066503277871,1.0,5.3
1294,57c5dd14498e8d1389684ad6,0.9532478182470494,1.0,8.4
1295,4d65502f4e1ea1cdb3204fb9,0.22945331537920333,1.0,
1296,54da70f4498e72aeca0158f3,0.13839978380493986,1.0,
1297,4ba4ce47f964a52097b638e3,0.9488819826578014,1.0,7.6
1298,4d03762128926ea835ad65c2,0.9226660019289817,1.0,7.3
1299,4b3b5363f964a5207e7225e3,0.9628344849758411,1.0,8.1
1300,4bc22283abf49521cf06c293,0.9502774658584202,1.0,6.8
1301,4b55f12cf964a520d1f727e3,0.9602927952064336,1.0,7.2
1302,4ac518bcf964a52094a220e3,0.9790397957329432,1.0,6.5
1303,4bf80ae5508c0f4787333e31,0.9361432478648408,1.0,5.4
1304,5d9a1c4274a03a0008ce7c3f,0.9848500379739168,1.0,
1305,4db2f5726e8179a9135de531,0.7879098503874271,1.0,
1306,4ada5bc6f964a520cd2121e3,0.9572688599904017,1.0,7.8
1307,56561e69498e8628186808e7,0.9563952269349225,1.0,6.9
1308,4af06e30f964a520f4db21e3,0.995170556469311,2.0,7.2
1309,4acdde05f964a52054cd20e3,0.9581588008629165,1.0,7.0
1310,5081881fe4b029049227a241,0.5442361185531704,1.0,6.9
1311,4b75adbaf964a5205d1c2ee3,0.9616044096337264,1.0,6.5
1312,4b62dc55f964a520f9552ae3,0.9873311558514777,2.0,6.5
1313,4b9ebbf5f964a52092fd36e3,0.9426267699805704,1.0,6.3
1314,4b23f936f964a520275e24e3,0.9952218096085658,2.0,6.1
1315,4b686220f964a52028752be3,0.9949026423322974,2.0,6.1
1316,4b59ed63f964a52089a128e3,0.9662334999836922,1.0,6.3
1317,4ad08fd2f964a52071d820e3,0.9838599205110404,3.0,5.9
1318,4b914716f964a52061af33e3,0.9850620395953797,2.0,6.0
1319,4c838d41dc018cfa5864d96c,0.9359615321893011,1.0,5.9
1320,4b9ce814f964a520ad8136e3,0.10150917198223845,1.0,
1321,4c3a1a0d3849c928fa62c2b1,0.9280336034218459,1.0,5.0
1322,4db085bb8154905aadae58e8,0.967458915949511,1.0,
1323,4c534df606901b8ddba5d949,0.9187195102063638,1.0,
1324,4b22b02af964a520d24b24e3,0.9818261027578848,1.0,7.5
1325,4ac518c4f964a520a0a420e3,0.9623732067225481,1.0,8.5
1326,574ae2e6cd1031dbbbb76b43,0.9443623876507891,,8.0
1327,4ba52a82f964a52096e638e3,0.9729709581075477,1.0,8.1
1328,4ad6373ff964a520c90521e3,0.9659585967822347,1.0,7.7
1329,4b05deb4f964a520d6e422e3,0.9813508463757041,1.0,7.3
1330,4c196be595e89521e00757e7,0.9727030439705341,1.0,7.6
1331,4b48f1d7f964a520b45e26e3,0.956709734834895,3.0,6.6
1332,4ead75f0f7906795c3b30f23,0.9139785948252966,1.0,
1333,56477ceb498eafa53f6b6b94,0.9065119443111345,1.0,8.1
1334,567e8731498edbf1995416c6,0.9903783879489891,1.0,6.4
1335,5b1d37c9a30619002c1405e3,0.9732575097497449,1.0,6.3
1336,4e3a8cdfb3ade614e1272dc6,0.993949799879788,2.0,6.2
1337,4b3d24d0f964a520e18e25e3,0.956539667600095,1.0,6.2
1338,4ea9c47bdab40d1325f6c41e,0.07335023133803309,1.0,
1339,4c1394a41b5cef3b36f6edc4,0.924338718019206,1.0,5.5
1340,4c94ce6638dd8cfa5b33cc62,0.8538237171572214,1.0,5.4
1341,4e67d22bfa76f38efb48e5ad,0.8932234031152589,1.0,
1342,4f593057e4b00e135e393c54,0.9603789936679076,1.0,8.0
1343,4c534b5f479fc9285c6a3a91,0.9636242492579943,1.0,6.8
1344,4b290b04f964a520b09724e3,0.9179344053005065,1.0,6.1
1345,4beab0ee9fa3ef3baf2980c9,0.9616463440203894,1.0,5.3
1346,5c9341e80868a2002c2913bf,0.9607470843952829,1.0,
1347,5a32e6c5cad1b60238c55261,0.9685585287553408,1.0,8.6
1348,4c253ed4f7ced13a8946246d,0.9514842443190554,1.0,7.3
1349,4b23df57f964a520c35b24e3,0.9622683707558907,1.0,6.3
1350,4caf8b891168a09327262323,0.03446074708439528,1.0,
1351,4bc05776f8219c749672b110,0.9865250837522889,1.0,5.8
1352,4b5092a7f964a520db2727e3,0.9847219051257798,1.0,6.1
1353,4b50933bf964a520f42727e3,0.9483414950074783,1.0,5.3
1354,5a92f3c39fca5610d03c3367,0.9818377511986246,1.0,8.1
1355,4c129052b7b9c9283307a837,0.9069289584896166,1.0,5.2
1356,4afd9e7af964a5202a2922e3,0.9616743002781648,1.0,7.4
1357,5473c010498e00c506b4c313,0.9140694526630665,1.0,8.6
1358,542aeb3b498e5227edba2428,0.990299178551959,1.0,8.9
1359,4b634d25f964a520b0702ae3,0.9888105078254225,1.0,7.8
1360,4af49c85f964a52052f421e3,0.9879741497803104,1.0,8.3
1361,4ac518c3f964a52041a420e3,0.9796152287054855,1.0,8.2
1362,566af633498eadbfb1b6ec53,0.9604372358716062,1.0,7.1
1363,4ad4dc51f964a5204bfc20e3,0.9957529785062972,2.0,7.4
1364,4b84239ef964a5202a2331e3,0.9740286365267146,2.0,7.2
1365,4addfc9ef964a520156721e3,0.9736558864230435,1.0,7.3
1366,4b8e9757f964a520a22a33e3,0.9737071395622982,1.0,7.0
1367,4b589eedf964a520d16128e3,0.9718923124950494,1.0,6.8
1368,4ac518bcf964a52069a220e3,0.9918926852451531,1.0,6.8
1369,4b3a6128f964a520fb6525e3,0.9452639769640436,1.0,6.4
1370,4ac518bef964a5201aa320e3,0.9414479477777105,1.0,6.7
1371,4aeb7215f964a52025c221e3,0.9897074377623811,1.0,6.4
1372,4b50c706f964a520063227e3,0.9444369376715233,1.0,6.4
1373,4b3e86b0f964a520759e25e3,0.8890322941371068,1.0,5.7
1374,4bd821dee914a593d77752fa,0.8519180322522028,1.0,
1375,4cfbb26ac51fa1cd7111e82b,0.9730944315793888,1.0,8.2
1376,4af1d091f964a5206be321e3,0.9717385530772851,2.0,8.1
1377,50897571e4b0ef136050d914,0.9095894623545692,2.0,7.6
1378,4ac518c5f964a520b8a420e3,0.9607214578256554,1.0,7.9
1379,55d62a9f498ed45ed4901690,0.9653132731652541,1.0,7.8
1380,4bebc5fb9fa3ef3b514580c9,0.9879345450817953,1.0,6.1
1381,4b7ffe8af964a520674930e3,0.964351111960153,1.0,7.3
1382,4b7af855f964a5202a492fe3,0.2932611440632557,1.0,
1383,5b1be7d223a2e6002c55f44e,0.9878623247492091,1.0,7.4
1384,4c94e95838dd8cfa1a5ecd62,0.9831004421748105,1.0,8.5
1385,4f6a13b8e4b02ec09f12bd02,0.9272019047530298,1.0,
1386,4e75d5cd45ddd4323fe8ae43,0.9333103470769403,1.0,
1387,5aef5c0c012358002c4ea177,0.9901454191341947,1.0,7.9
1388,5b75a13be0c0c9002c85fd45,0.9922840728540078,1.0,8.8
1389,4e469b1ac65bd6ffbe93671e,0.259993197310608,1.0,
1390,4c8c0047cf3ea143bb46f151,0.9873567824211051,1.0,
1391,4b7fe3a4f964a520ab4230e3,0.9381328015431855,1.0,
1392,4acf9e8df964a52000d520e3,0.9523229320523154,1.0,6.8
1393,4b3dfea1f964a520b89725e3,0.9939195139338648,1.0,7.2
1394,4b5c746ff964a520b43029e3,0.9940988999212566,2.0,7.0
1395,4bfadb48d0382d7febe2c80a,0.9567050754585991,1.0,7.4
1396,4c87ac36821e9eb0ffcd8d89,0.989169279800206,1.0,6.9
1397,4e7e0ad1b8f700d320a24db0,0.9630115412750849,1.0,6.6
1398,504a2397e4b0a5cade49ae45,0.9187894008508021,1.0,6.1
1399,4b6c61e3f964a52071352ce3,0.9145516981096911,1.0,6.1
1400,617b05bc44b5cd2310c989ac,0.9435353483582688,1.0,
1401,4de90673e4cd15735404e49b,0.7964947512126027,1.0,6.1
1402,504b5dafe4b0c450c251b36c,0.8771811705285131,1.0,
1403,4c28d4e13492a59315f6b728,0.9332567642495375,1.0,5.8
1404,4b5f4402f964a520e3b029e3,0.9042451577431845,1.0,5.9
1405,4bc498a6920eb7139df11e2c,0.8463803635245386,1.0,
1406,4db2ac704159ca03c9068626,0.6696036268585087,1.0,
1407,4b5f3343f964a520d8ac29e3,0.8600346657596414,1.0,6.0
1408,5ba79bed628c83003909d4ac,0.7909617418612345,1.0,
1409,5b9d32556eda02002c5a4546,0.2585930547336934,1.0,
1410,4b6993d6f964a52014a82be3,0.9234487771466912,1.0,5.9
1411,52af60b311d258d01b911c8a,0.9546619389528518,1.0,
1412,4ad85419f964a520091121e3,0.9346196318160851,1.0,5.8
1413,4c7fbe28fb74236a7af2fab9,0.1060753607522097,1.0,
1414,4c5b05607b049521a78f891f,0.7074004873707606,1.0,
1415,4ac518c3f964a52047a420e3,0.9752051290414265,2.0,8.5
1416,4aea012ff964a52069b821e3,0.9604185983664226,1.0,8.0
1417,4adb1972f964a5205f2421e3,0.9429249700635073,1.0,7.5
1418,4b9c9f0cf964a5202d7336e3,0.8831707987568784,1.0,5.1
1419,4b49e648f964a5209a7526e3,0.9800112756906361,1.0,8.3
1420,4b843661f964a520d62731e3,0.9633283788632053,1.0,6.4
1421,4aeb661ff964a520c1c121e3,0.938107174973558,1.0,6.2
1422,4df25a25d1649c8a28dec4a5,0.9536345464796082,1.0,7.4
1423,4bc8cee792b376b0673f523a,0.9610988673056224,1.0,7.7
1424,4b294b15f964a5206f9c24e3,0.9429529263212826,1.0,6.1
1425,4e2f2a62c65b80dfd83e3d7e,0.4925729541843529,1.0,
1426,4b5b6d7bf964a52041fd28e3,0.2161274991729607,1.0,
1427,4ac518c5f964a520a3a420e3,0.9648822808578844,1.0,
1428,4c8b9cc13dc2a1cd8cb0b732,0.7918516827337493,1.0,
1429,4adba164f964a520892921e3,0.9094333732486569,1.0,
1430,4c094ad06071a59312a9dd32,0.08520135494662684,1.0,7.0
1431,4c6e94fcc52437046d4b2beb,0.030169461515881485,1.0,
1432,4be6c9e12468c9283cac0143,0.9362247869500189,1.0,5.5
1433,4be7f1dd88ed2d7f1e39cb1d,0.9686680240982942,2.0,8.2
1434,4ae09d26f964a520f08021e3,0.9834219391392268,1.0,7.0
1435,4b5f3e1af964a5208caf29e3,0.951041603570946,1.0,6.1
1436,4ad8db44f964a520561521e3,0.9468202086468706,1.0,6.2
1437,4c07ff9a7e3fc928059fef82,0.9348991943938384,1.0,5.3
1438,54415352498ec90c480d850b,0.3085695248833991,1.0,4.6
1439,4b6dada4f964a52091852ce3,0.9795034036743842,1.0,8.3
1440,4ae0acf4f964a5208c8121e3,0.9606189515471459,1.0,7.2
1441,4bc0cb81f8219c740038b210,0.9674985206480261,1.0,5.4
1442,4b59f661f964a5200da428e3,0.85312248102469,1.0,5.0
1443,4b6dada4f964a52091852ce3,0.9795034036743842,1.0,8.3
1444,4b328086f964a520490d25e3,0.9870049995107655,1.0,7.5
1445,4b1eb344f964a520111e24e3,0.9463263147595062,1.0,6.8
1446,4b9bb7d3f964a520761d36e3,0.5170812735007292,1.0,
1447,4bc0cb81f8219c740038b210,0.9674985206480261,1.0,5.4
1448,5ac660fd840fc253b7fec5d2,0.942603473099091,1.0,8.4
1449,51f170f2498e078173f65556,0.9651548543711939,1.0,
1450,4b5a0f03f964a52099aa28e3,0.9565536457289827,1.0,
1451,4b5a1ee3f964a5208eae28e3,0.11005446810889895,1.0,
1452,4e2ad26562e144b5d3a52394,0.556052296839545,1.0,
1453,4b215bd7f964a520b03a24e3,0.985173864626481,1.0,8.5
1454,4afb4a29f964a520ad1c22e3,0.9468318570876103,1.0,7.8
1455,4c6d79524d24b60c9ff5d5d8,0.8826489486117388,1.0,6.1
1456,5e07c2ad946dea0007bf545c,0.9807777430913098,1.0,
1457,4c06d127b4aa0f4738b26462,0.9048881516720172,1.0,
1458,4b859bf0f964a520656831e3,0.22460756403147875,1.0,
1459,59e1088ac4df1d667eec293e,0.9442319251145042,1.0,
1460,4ba3d7b7f964a520936538e3,0.9242804758155073,1.0,
1461,4c87ac44821e9eb00cce8d89,0.9849805005102017,1.0,7.4
1462,4aff0674f964a520243322e3,0.971365802973614,2.0,7.3
1463,5f1b3f95b5d99d73567c394d,0.930298060301648,1.0,
1464,4bd342d3a8b3a5935b83695f,0.9729430018497723,1.0,8.3
1465,4b22a97df964a520504b24e3,0.9670535502117686,1.0,8.0
1466,4bfc33a57dc0a59316c44499,0.9454037582529202,1.0,5.5
1467,60b51179a743f82794c46449,0.946629174218739,1.0,
1468,4bfc38c7da7120a195bb49fd,0.863284580726024,1.0,4.8
1469,4ac518bbf964a52010a220e3,0.970233574533713,1.0,7.4
1470,5310c879498ee8e61d7b0b92,0.6631410719361106,1.0,7.3
1471,4b6dc985f964a520d28f2ce3,0.8619589881698436,1.0,6.8
1472,4bbb89833de8c9b67de199ad,0.9838459423821527,1.0,6.6
1473,5a6b7fce8a6f170e0709f76e,0.9610732407359951,1.0,
1474,4d20d8d3bdd7a09320d2f0ce,0.8690855042144059,1.0,
1475,4e134bdd62e1d997a6b00c98,0.8943113674803491,1.0,
1476,4cd6cd947da9a35de062f1b9,0.8542663579053308,1.0,
1477,4ef714165c5c68fa0b2360ec,0.8514497649344659,1.0,
1478,5df26e212de4900007460f9c,0.9684350552834997,1.0,
1479,592af90c4a1cc037f24fed68,0.9763420168576235,1.0,9.0
1480,4ada19f1f964a5205e1e21e3,0.9382190000046594,1.0,7.8
1481,4ae9e788f964a52076b721e3,0.9618863018996278,2.0,7.8
1482,4b2283a0f964a5201e4824e3,0.9688217835160585,1.0,7.4
1483,4c87ac13821e9eb0eacd8d89,0.9466012179609637,1.0,6.0
1484,4aeb661ff964a520c1c121e3,0.938107174973558,1.0,6.2
1485,4bf00b0e51f2c9b61e1df192,0.783047791222667,1.0,
1486,5702a40bcd10c69a22939477,0.4650826340386076,1.0,
1487,4b6ec711f964a5202cca2ce3,0.9785132862115077,1.0,6.5
1488,4e3eda2cd4c058f9dc17ec44,0.11098634336807675,1.0,
1489,4b8995fef964a520fd4332e3,0.9656277810652266,1.0,
1490,4ace4bc1f964a520b6cf20e3,0.9805657414698469,2.0,6.5
1491,4ad36c8cf964a52051e420e3,0.931726159136338,2.0,7.0
1492,4f0750f5e4b00a2750c99c40,0.9436774593352933,1.0,
1493,565753ed498ea43ab853c38d,0.9899357472008797,1.0,8.6
1494,53666ba2498e602fbe9afc65,0.9596800872235243,1.0,7.6
1495,4cbb2da14352a1cd884497f5,0.9253474729872659,1.0,
1496,4bad13def964a520372b3be3,0.3990732500547477,1.0,
1497,4c09f1aded259521a70c1356,0.8493250893435405,1.0,5.0
1498,59ba5b0d2079551e2bffaf57,0.9932718606287363,1.0,8.7
1499,4ad61fd1f964a520330521e3,0.9916550570540628,1.0,7.7
1500,4ac518c5f964a520d4a420e3,0.9965264349714147,1.0,7.0
1501,4ed0e92599114b4888ae4222,0.5222974452639769,1.0,6.5
1502,4b4e0847f964a520f2de26e3,0.9810526462927672,1.0,6.7
1503,4b5f40b5f964a5202ab029e3,0.9717804874639481,1.0,6.5
1504,4b674306f964a52085442be3,0.9862245539812041,1.0,6.2
1505,4b1e910df964a520bd1b24e3,0.9954897237455794,1.0,5.8
1506,4ac518c6f964a5201ba520e3,0.9769290982709055,1.0,7.3
1507,4b6f1311f964a52036db2ce3,0.9839298111554787,1.0,7.9
1508,5d5821507180720008bb4f3e,0.977746818810834,1.0,
1509,616885be5c4b4665eb2d08e5,0.9242501898695841,1.0,
1510,4b10f7e2f964a520147723e3,0.9639108009001915,1.0,5.5
1511,4bc6040a6c26b713e325ecf3,0.987866984125505,2.0,8.0
1512,4c2ceb692219c92835e5a648,0.9396657363445329,1.0,5.8
1513,4ad45fd6f964a520ade720e3,0.9815372214275397,2.0,6.1
1514,4ba28d82f964a5209f0338e3,0.9825879107822627,1.0,5.7
1515,5c5c0a0d418686002caca593,0.7654772832108694,1.0,
1516,611d45d9e45f35104ee9f1db,0.9265705592649368,1.0,
1517,4c02ba69f56c2d7f3bdb1b66,0.9614343423989264,1.0,
1518,4ba6255ff964a520e13639e3,0.9583544946673438,1.0,7.3
1519,4b8561a0f964a5203f5a31e3,0.9802465741935784,2.0,7.1
1520,570c1795498e64f17c3f1d39,0.13020161121232313,1.0,7.1
1521,4b2fccfdf964a5202af024e3,0.9838249751888212,1.0,6.6
1522,5a21b10f588e364033b15115,0.9486769701007823,1.0,6.3
1523,513cbf6ce4b07db92987caa7,0.03178160571425909,1.0,
1524,4c2bc6cb57a9c9b6bc74f667,0.9823036888282135,1.0,5.9
1525,4b7da5f5f964a52020cc2fe3,0.8670726536545817,,5.6
1526,4ba295caf964a520a60638e3,0.971910950000233,1.0,7.0
1527,4c69c072b56e9c7461cfbd85,0.9926731307747145,1.0,6.4
1528,4f2188efe4b0cebcfb6406aa,0.9305822822556973,1.0,6.8
1529,4bf6f3015317a5937e26fd7e,0.8916531933035444,1.0,6.7
1530,503652f0e4b0584f7ddee97b,0.9297575726513249,1.0,
1531,4c69be30cff29521cbdb195e,0.8996300455221065,1.0,
1532,4b645a2af964a520a3ac2ae3,0.9477940182927114,1.0,
